1	0
1	1
1	2
1	3
1	4
1	5
1	6
1	7
1	8
1	9
1	10
1	11
1	12
1	13
1	14
1	15
1	16
1	17
1	18
1	19
1	20
1	21
1	22
2	23
2	24
2	25
2	26
2	27
2	28
2	29
2	30
2	31
2	32
2	33
2	34
2	35
2	36
2	37
2	38
2	39
2	40
2	41
2	42
3	43
3	44
3	45
3	46
3	47
3	48
3	49
3	50
3	51
3	52
3	53
3	54
3	55
3	56
3	57
3	58
3	59
3	60
3	61
3	62
3	63
3	64
3	65
3	66
3	67
3	68
3	69
3	70
4	71
4	72
4	73
4	74
4	75
4	76
4	77
4	78
4	79
4	80
4	81
4	82
4	83
4	84
4	85
4	86
4	87
4	88
4	89
4	90
4	91
4	92
4	93
4	94
4	95
4	96
4	97
4	98
4	99
4	100
4	101
4	102
4	103
4	104
4	105
4	106
4	107
4	108
5	109
5	110
5	111
5	112
5	113
5	114
5	115
5	116
5	117
5	118
5	119
5	120
5	121
5	122
5	123
5	124
5	125
5	126
5	127
5	128
5	129
5	130
5	131
5	132
5	133
5	134
5	135
5	136
5	137
5	138
5	139
5	140
5	141
5	142
5	143
5	144
5	145
5	146
6	147
6	148
6	149
6	150
6	151
6	152
6	153
6	154
6	155
6	156
6	157
6	158
6	159
6	160
6	161
6	162
6	163
6	164
6	165
6	166
7	167
7	168
7	169
7	170
7	171
7	172
7	173
7	174
7	175
7	176
7	177
7	178
7	179
7	180
7	181
7	182
7	183
7	184
7	185
7	186
7	187
8	188
8	189
8	190
8	191
8	192
8	193
8	194
8	195
8	196
8	197
8	198
8	199
8	200
8	201
8	202
8	203
8	204
8	205
8	206
8	207
8	208
8	209
8	210
8	211
8	212
8	213
8	214
8	215
8	216
8	217
8	218
8	219
8	220
8	221
8	222
8	223
8	224
8	225
9	226
9	227
9	228
9	229
9	230
9	231
9	232
9	233
9	234
9	235
9	236
9	237
9	238
9	239
9	240
9	241
9	242
9	243
9	244
9	245
10	246
10	247
10	248
10	249
10	250
10	251
10	252
10	253
10	254
10	255
10	256
10	257
10	258
10	259
10	260
10	261
10	262
10	263
10	264
10	265
10	266
10	267
11	268
11	269
11	270
11	271
11	272
11	273
11	274
11	275
11	276
11	277
11	278
11	279
11	280
11	281
11	282
11	283
11	284
11	285
12	286
12	287
12	288
12	289
12	290
12	291
12	292
12	293
12	294
12	295
12	296
12	297
12	298
12	299
12	300
12	301
12	302
12	303
12	304
12	305
12	306
12	307
12	308
13	309
13	310
13	311
13	312
13	313
13	314
13	315
13	316
13	317
13	318
13	319
13	320
13	321
13	322
13	323
13	324
13	325
13	326
14	327
14	328
14	329
14	330
14	331
14	332
14	333
14	334
14	335
14	336
14	337
14	338
14	339
14	340
14	341
14	342
14	343
14	344
14	345
14	346
14	347
14	348
14	349
14	350
14	351
15	352
15	353
15	354
15	355
15	356
15	357
15	358
15	359
15	360
15	361
15	362
15	363
15	364
15	365
15	366
15	367
15	368
15	369
15	370
15	371
15	372
16	373
16	374
16	375
16	376
16	377
16	378
16	379
16	380
16	381
16	382
16	383
16	384
16	385
16	386
16	387
16	388
16	389
16	390
16	391
16	392
16	393
16	394
16	395
16	396
17	397
17	398
17	399
17	400
17	401
17	402
17	403
17	404
17	405
17	406
17	407
17	408
17	409
17	410
17	411
17	412
17	413
17	414
17	415
17	416
18	417
18	418
18	419
18	420
18	421
18	422
18	423
18	424
18	425
18	426
18	427
18	428
18	429
18	430
18	431
18	432
18	433
18	434
18	435
18	436
18	437
18	438
18	439
19	440
19	441
19	442
19	443
19	444
19	445
19	446
19	447
19	448
19	449
19	450
19	451
19	452
19	453
19	454
19	455
19	456
19	457
19	458
20	459
20	460
20	461
20	462
20	463
20	464
20	465
20	466
20	467
20	468
20	469
20	470
20	471
20	472
20	473
20	474
20	475
20	476
20	477
20	478
20	479
20	480
20	481
20	482
20	483
20	484
20	485
21	486
21	487
21	488
21	489
21	490
21	491
21	492
21	493
21	494
21	495
21	496
21	497
21	498
21	499
21	500
21	501
21	502
21	503
21	504
21	505
22	506
22	507
22	508
22	509
22	510
22	511
22	512
22	513
22	514
22	515
22	516
22	517
22	518
22	519
22	520
22	521
22	522
22	523
22	524
22	525
22	526
22	527
22	528
22	529
23	530
23	531
23	532
23	533
23	534
23	535
23	536
23	537
23	538
23	539
23	540
23	541
23	542
23	543
23	544
23	545
23	546
23	547
23	548
23	549
24	550
24	551
24	552
24	553
24	554
24	555
24	556
24	557
24	558
24	559
24	560
24	561
24	562
24	563
24	564
24	565
24	566
24	567
24	568
24	569
24	570
25	571
25	572
25	573
25	574
25	575
25	576
25	577
25	578
25	579
25	580
25	581
25	582
25	583
25	584
25	585
25	586
25	587
25	588
25	589
25	590
26	591
26	592
26	593
26	594
26	595
26	596
26	597
26	598
26	599
26	600
26	601
26	602
26	603
26	604
26	605
26	606
26	607
26	608
26	609
26	610
26	611
26	612
27	613
27	614
27	615
27	616
27	617
27	618
27	619
27	620
27	621
27	622
27	623
27	624
27	625
27	626
27	627
27	628
27	629
27	630
27	631
27	632
28	633
28	634
28	635
28	636
28	637
28	638
28	639
28	640
28	641
28	642
28	643
28	644
28	645
28	646
28	647
28	648
28	649
28	650
28	651
28	652
28	653
28	654
28	655
29	656
29	657
29	658
29	659
29	660
29	661
29	662
29	663
29	664
29	665
29	666
29	667
29	668
29	669
29	670
29	671
29	672
29	673
29	674
29	675
30	676
30	677
30	678
30	679
30	680
30	681
30	682
30	683
30	684
30	685
30	686
30	687
30	688
30	689
30	690
30	691
30	692
30	693
30	694
30	695
30	696
30	697
30	698
30	699
30	700
30	701
30	702
30	703
31	704
31	705
31	706
31	707
31	708
31	709
31	710
31	711
31	712
31	713
31	714
31	715
31	716
31	717
31	718
31	719
31	720
31	721
31	722
32	723
32	724
32	725
32	726
32	727
32	728
32	729
32	730
32	731
32	732
32	733
32	734
32	735
32	736
32	737
32	738
32	739
32	740
32	741
32	742
32	743
32	744
32	745
32	746
32	747
32	748
33	749
33	750
33	751
33	752
33	753
33	754
33	755
33	756
33	757
33	758
33	759
33	760
33	761
33	762
33	763
33	764
33	765
33	766
33	767
33	768
34	769
34	770
34	771
34	772
34	773
34	774
34	775
34	776
34	777
34	778
34	779
34	780
34	781
34	782
34	783
34	784
34	785
34	786
34	787
34	788
34	789
34	790
34	791
34	792
35	793
35	794
35	795
35	796
35	797
35	798
35	799
35	800
35	801
35	802
35	803
35	804
35	805
35	806
35	807
35	808
35	809
35	810
35	811
35	812
36	813
36	814
36	815
36	816
36	817
36	818
36	819
36	820
36	821
36	822
36	823
36	824
36	825
36	826
36	827
36	828
36	829
36	830
36	831
36	832
36	833
36	834
36	835
37	836
37	837
37	838
37	839
37	840
37	841
37	842
37	843
37	844
37	845
37	846
37	847
37	848
37	849
37	850
37	851
37	852
37	853
37	854
37	855
38	856
38	857
38	858
38	859
38	860
38	861
38	862
38	863
38	864
38	865
38	866
38	867
38	868
38	869
38	870
38	871
38	872
38	873
38	874
38	875
38	876
38	877
38	878
39	879
39	880
39	881
39	882
39	883
39	884
39	885
39	886
39	887
39	888
39	889
39	890
39	891
39	892
39	893
39	894
39	895
39	896
39	897
39	898
39	899
39	900
39	901
39	902
39	903
39	904
39	905
39	906
39	907
39	908
39	909
39	910
39	911
39	912
39	913
39	914
39	915
39	916
40	917
40	918
40	919
40	920
40	921
40	922
40	923
40	924
40	925
40	926
40	927
40	928
40	929
40	930
40	931
40	932
40	933
40	934
40	935
40	936
40	937
40	938
40	939
40	940
40	941
40	942
40	943
40	944
40	945
40	946
40	947
40	948
40	949
40	950
40	951
40	952
40	953
40	954
41	955
41	956
41	957
41	958
41	959
41	960
41	961
41	962
41	963
41	964
41	965
41	966
41	967
41	968
41	969
41	970
41	971
41	972
41	973
41	974
42	975
42	976
42	977
42	978
42	979
42	980
42	981
42	982
42	983
42	984
42	985
42	986
42	987
42	988
42	989
42	990
42	991
42	992
42	993
42	994
42	995
42	996
43	997
43	998
43	999
43	1000
43	1001
43	1002
43	1003
43	1004
43	1005
43	1006
43	1007
43	1008
43	1009
43	1010
43	1011
43	1012
43	1013
43	1014
43	1015
43	1016
43	1017
43	1018
43	1019
44	1020
44	1021
44	1022
44	1023
44	1024
44	1025
44	1026
44	1027
44	1028
44	1029
44	1030
44	1031
44	1032
44	1033
44	1034
44	1035
44	1036
44	1037
44	1038
44	1039
44	1040
44	1041
44	1042
45	1043
45	1044
45	1045
45	1046
45	1047
45	1048
45	1049
45	1050
45	1051
45	1052
45	1053
45	1054
45	1055
45	1056
45	1057
45	1058
45	1059
45	1060
45	1061
45	1062
45	1063
45	1064
45	1065
45	1066
45	1067
45	1068
46	1069
46	1070
46	1071
46	1072
46	1073
46	1074
46	1075
46	1076
46	1077
46	1078
46	1079
46	1080
46	1081
46	1082
46	1083
46	1084
46	1085
46	1086
46	1087
47	1088
47	1089
47	1090
47	1091
47	1092
47	1093
47	1094
47	1095
47	1096
47	1097
47	1098
47	1099
47	1100
47	1101
47	1102
47	1103
47	1104
47	1105
47	1106
47	1107
47	1108
48	1109
48	1110
48	1111
48	1112
48	1113
48	1114
48	1115
48	1116
48	1117
48	1118
48	1119
48	1120
48	1121
48	1122
48	1123
48	1124
48	1125
48	1126
48	1127
48	1128
48	1129
48	1130
49	1131
49	1132
49	1133
49	1134
49	1135
49	1136
49	1137
49	1138
49	1139
49	1140
49	1141
49	1142
49	1143
49	1144
49	1145
49	1146
49	1147
49	1148
49	1149
49	1150
50	1151
50	1152
50	1153
50	1154
50	1155
50	1156
50	1157
50	1158
50	1159
50	1160
50	1161
50	1162
50	1163
50	1164
50	1165
50	1166
50	1167
50	1168
50	1169
50	1170
51	1171
51	1172
51	1173
51	1174
51	1175
51	1176
51	1177
51	1178
51	1179
51	1180
51	1181
51	1182
51	1183
51	1184
51	1185
51	1186
51	1187
51	1188
51	1189
51	1190
52	1191
52	1192
52	1193
52	1194
52	1195
52	1196
52	1197
52	1198
52	1199
52	1200
52	1201
52	1202
52	1203
52	1204
52	1205
52	1206
52	1207
52	1208
52	1209
52	1210
52	1211
53	1212
53	1213
53	1214
53	1215
53	1216
53	1217
53	1218
53	1219
53	1220
53	1221
53	1222
53	1223
53	1224
53	1225
53	1226
53	1227
53	1228
53	1229
53	1230
54	1231
54	1232
54	1233
54	1234
54	1235
54	1236
54	1237
54	1238
54	1239
54	1240
54	1241
54	1242
54	1243
54	1244
54	1245
54	1246
54	1247
54	1248
54	1249
54	1250
54	1251
54	1252
54	1253
55	1254
55	1255
55	1256
55	1257
55	1258
55	1259
55	1260
55	1261
55	1262
55	1263
55	1264
55	1265
55	1266
55	1267
55	1268
55	1269
55	1270
55	1271
55	1272
55	1273
56	1274
56	1275
56	1276
56	1277
56	1278
56	1279
56	1280
56	1281
56	1282
56	1283
56	1284
56	1285
56	1286
56	1287
56	1288
56	1289
56	1290
56	1291
56	1292
56	1293
57	1294
57	1295
57	1296
57	1297
57	1298
57	1299
57	1300
57	1301
57	1302
57	1303
57	1304
57	1305
57	1306
57	1307
57	1308
57	1309
57	1310
57	1311
57	1312
57	1313
57	1314
57	1315
57	1316
57	1317
57	1318
57	1319
57	1320
57	1321
57	1322
57	1323
57	1324
57	1325
57	1326
57	1327
57	1328
57	1329
57	1330
57	1331
58	1332
58	1333
58	1334
58	1335
58	1336
58	1337
58	1338
58	1339
58	1340
58	1341
58	1342
58	1343
58	1344
58	1345
58	1346
58	1347
58	1348
58	1349
58	1350
59	1351
59	1352
59	1353
59	1354
59	1355
59	1356
59	1357
59	1358
59	1359
59	1360
59	1361
59	1362
59	1363
59	1364
59	1365
59	1366
59	1367
59	1368
59	1369
59	1370
60	1371
60	1372
60	1373
60	1374
60	1375
60	1376
60	1377
60	1378
60	1379
60	1380
60	1381
60	1382
60	1383
60	1384
60	1385
60	1386
60	1387
60	1388
60	1389
60	1390
61	1391
61	1392
61	1393
61	1394
61	1395
61	1396
61	1397
61	1398
61	1399
61	1400
61	1401
61	1402
61	1403
61	1404
61	1405
61	1406
61	1407
61	1408
61	1409
61	1410
61	1411
62	1412
62	1413
62	1414
62	1415
62	1416
62	1417
62	1418
62	1419
62	1420
62	1421
62	1422
62	1423
62	1424
62	1425
62	1426
62	1427
62	1428
62	1429
62	1430
62	1431
63	1432
63	1433
63	1434
63	1435
63	1436
63	1437
63	1438
63	1439
63	1440
63	1441
63	1442
63	1443
63	1444
63	1445
63	1446
63	1447
63	1448
63	1449
63	1450
63	1451
64	1452
64	1453
64	1454
64	1455
64	1456
64	1457
64	1458
64	1459
64	1460
64	1461
64	1462
64	1463
64	1464
64	1465
64	1466
64	1467
64	1468
64	1469
64	1470
64	1471
65	1472
65	1473
65	1474
65	1475
65	1476
65	1477
65	1478
65	1479
65	1480
65	1481
65	1482
65	1483
65	1484
65	1485
65	1486
65	1487
65	1488
65	1489
65	1490
66	1491
66	1492
66	1493
66	1494
66	1495
66	1496
66	1497
66	1498
66	1499
66	1500
66	1501
66	1502
66	1503
66	1504
66	1505
66	1506
66	1507
66	1508
66	1509
66	1510
