0,1,14.11,500
0,9,14.11,500
0,11,10.23,500
0,90,6.5,500
1,0,14.11,500
1,2,14.1,500
1,12,11.19,500
1,99,10.5,500
2,1,14.1,500
2,3,14.09,500
2,13,8.33,500
2,98,11.07,500
2,101,2.66,249.99
3,2,14.09,500
3,4,14.09,500
3,14,3.76,500
3,97,7.88,500
4,3,14.09,500
4,5,14.09,500
4,15,5.98,500
4,96,3.52,500
5,4,14.09,500
5,6,14.1,500
5,16,10.21,500
5,95,6.48,500
6,5,14.1,500
6,7,14.11,500
6,17,11.19,500
6,94,10.49,500
7,6,14.11,500
7,8,14.11,500
7,18,8.35,500
7,93,11.07,500
8,7,14.11,500
8,9,14.11,500
8,19,3.8,500
8,92,7.9,500
9,0,14.11,500
9,8,14.11,500
9,10,6.0,500
9,91,3.55,500
9,109,3.12,326.58
10,9,6.0,500
10,11,14.11,500
10,19,14.11,500
10,21,9.92,500
11,0,10.23,500
11,10,14.11,500
11,12,14.1,500
11,22,11.27,500
12,1,11.19,500
12,11,14.1,500
12,13,14.09,500
12,23,8.76,500
13,2,8.33,500
13,12,14.09,500
13,14,14.09,500
13,24,4.1,500
14,3,3.76,500
14,13,14.09,500
14,15,14.09,500
14,25,5.48,500
15,4,5.98,500
15,14,14.09,500
15,16,14.1,500
15,26,9.91,500
16,5,10.21,500
16,15,14.1,500
16,17,14.11,500
16,27,11.28,500
17,6,11.19,500
17,16,14.11,500
17,18,14.11,500
17,28,8.77,500
18,7,8.35,500
18,17,14.11,500
18,19,14.11,500
18,29,4.13,500
18,100,3.51,214.7
19,8,3.8,500
19,10,14.11,500
19,18,14.11,500
19,20,5.51,500
20,19,5.51,500
20,21,14.11,500
20,29,14.11,500
20,31,9.58,500
21,10,9.92,500
21,20,14.11,500
21,22,14.1,500
21,32,11.32,500
22,11,11.27,500
22,21,14.1,500
22,23,14.09,500
22,33,9.16,500
23,12,8.76,500
23,22,14.09,500
23,24,14.09,500
23,34,4.51,500
24,13,4.1,500
24,23,14.09,500
24,25,14.09,500
24,35,5.0,500
25,14,5.48,500
25,24,14.09,500
25,26,14.1,500
25,36,9.57,500
26,15,9.91,500
26,25,14.1,500
26,27,14.1,500
26,37,11.32,500
27,16,11.28,500
27,26,14.1,500
27,28,14.11,500
27,38,9.17,500
28,17,8.77,500
28,27,14.11,500
28,29,14.11,500
28,39,4.53,500
29,18,4.13,500
29,20,14.11,500
29,28,14.11,500
29,30,5.03,500
30,29,5.03,500
30,31,14.11,500
30,39,14.11,500
30,41,9.21,500
30,104,1.67,338.34
31,20,9.58,500
31,30,14.11,500
31,32,14.1,500
31,42,11.32,500
32,21,11.32,500
32,31,14.1,500
32,33,14.1,500
32,43,9.53,500
33,22,9.16,500
33,32,14.1,500
33,34,14.09,500
33,44,4.96,500
34,23,4.51,500
34,33,14.09,500
34,35,14.09,500
34,45,4.55,500
35,24,5.0,500
35,34,14.09,500
35,36,14.1,500
35,46,9.2,500
36,25,9.57,500
36,35,14.1,500
36,37,14.1,500
36,47,11.32,500
37,26,11.32,500
37,36,14.1,500
37,38,14.11,500
37,48,9.55,500
38,27,9.17,500
38,37,14.11,500
38,39,14.11,500
38,49,4.98,500
39,28,4.53,500
39,30,14.11,500
39,38,14.11,500
39,40,4.58,500
40,39,4.58,500
40,41,14.11,500
40,49,14.11,500
40,51,8.81,500
41,30,9.21,500
41,40,14.11,500
41,42,14.1,500
41,52,11.28,500
42,31,11.32,500
42,41,14.1,500
42,43,14.1,500
42,53,9.88,500
42,111,3.16,137.04
43,32,9.53,500
43,42,14.1,500
43,44,14.09,500
43,54,5.43,500
44,33,4.96,500
44,43,14.09,500
44,45,14.09,500
44,55,4.14,500
45,34,4.55,500
45,44,14.09,500
45,46,14.09,500
45,56,8.8,500
46,35,9.2,500
46,45,14.09,500
46,47,14.1,500
46,57,11.28,500
47,36,11.32,500
47,46,14.1,500
47,48,14.11,500
47,58,9.89,500
48,37,9.55,500
48,47,14.11,500
48,49,14.11,500
48,59,5.46,500
48,118,2.07,394.11
49,38,4.98,500
49,40,14.11,500
49,48,14.11,500
49,50,4.17,500
50,49,4.17,500
50,51,14.11,500
50,59,14.11,500
50,69,8.39,500
51,40,8.81,500
51,50,14.11,500
51,52,14.11,500
51,68,11.2,500
52,41,11.28,500
52,51,14.11,500
52,53,14.1,500
52,67,10.19,500
53,42,9.88,500
53,52,14.1,500
53,54,14.09,500
53,66,5.93,500
54,43,5.43,500
54,53,14.09,500
54,55,14.09,500
54,65,3.79,500
55,44,4.14,500
55,54,14.09,500
55,56,14.09,500
55,64,8.37,500
56,45,8.8,500
56,55,14.09,500
56,57,14.1,500
56,63,11.2,500
57,46,11.28,500
57,56,14.1,500
57,58,14.11,500
57,62,10.2,500
58,47,9.89,500
58,57,14.11,500
58,59,14.11,500
58,61,5.95,500
59,48,5.46,500
59,50,14.11,500
59,58,14.11,500
59,60,3.83,500
60,59,3.83,500
60,61,14.11,500
60,69,14.11,500
60,79,7.94,500
60,119,2.56,346.03
61,58,5.95,500
61,60,14.11,500
61,62,14.11,500
61,70,3.57,500
62,57,10.2,500
62,61,14.11,500
62,63,14.11,500
62,71,6.45,500
63,56,11.2,500
63,62,14.11,500
63,64,14.1,500
63,72,10.47,500
63,107,2.44,402.46
64,55,8.37,500
64,63,14.1,500
64,65,14.09,500
64,73,11.08,500
64,113,3.0,297.25
65,54,3.79,500
65,64,14.09,500
65,66,14.09,500
65,74,7.92,500
66,53,5.93,500
66,65,14.09,500
66,67,14.09,500
66,75,3.54,500
67,52,10.19,500
67,66,14.09,500
67,68,14.1,500
67,76,6.43,500
67,122,1.75,346.55
67,123,3.5,368.15
68,51,11.2,500
68,67,14.1,500
68,69,14.11,500
68,77,10.46,500
69,50,8.39,500
69,60,14.11,500
69,68,14.11,500
69,78,11.08,500
70,61,3.57,500
70,71,14.11,500
70,79,14.11,500
70,89,7.47,500
70,105,3.42,257.67
70,114,2.51,311.86
70,117,1.92,362.5
71,62,6.45,500
71,70,14.11,500
71,72,14.11,500
71,80,3.44,500
72,63,10.47,500
72,71,14.11,500
72,73,14.11,500
72,81,6.94,500
73,64,11.08,500
73,72,14.11,500
73,74,14.1,500
73,82,10.71,500
74,65,7.92,500
74,73,14.1,500
74,75,14.09,500
74,83,10.92,500
75,66,3.54,500
75,74,14.09,500
75,76,14.09,500
75,84,7.45,500
76,67,6.43,500
76,75,14.09,500
76,77,14.09,500
76,85,3.4,500
77,68,10.46,500
77,76,14.09,500
77,78,14.1,500
77,86,6.92,500
78,69,11.08,500
78,77,14.1,500
78,79,14.11,500
78,87,10.7,500
79,60,7.94,500
79,70,14.11,500
79,78,14.11,500
79,88,10.93,500
80,71,3.44,500
80,81,14.11,500
80,89,14.11,500
80,99,6.99,500
81,72,6.94,500
81,80,14.11,500
81,82,14.11,500
81,90,3.43,500
82,73,10.71,500
82,81,14.11,500
82,83,14.11,500
82,91,7.43,500
83,74,10.92,500
83,82,14.11,500
83,84,14.1,500
83,92,10.91,500
84,75,7.45,500
84,83,14.1,500
84,85,14.09,500
84,93,10.72,500
85,76,3.4,500
85,84,14.09,500
85,86,14.09,500
85,94,6.97,500
86,77,6.92,500
86,85,14.09,500
86,87,14.09,500
86,95,3.39,500
87,78,10.7,500
87,86,14.09,500
87,88,14.1,500
87,96,7.41,500
88,79,10.93,500
88,87,14.1,500
88,89,14.11,500
88,97,10.9,500
89,70,7.47,500
89,80,14.11,500
89,88,14.11,500
89,98,10.73,500
90,0,6.5,500
90,81,3.43,500
90,91,14.11,500
90,99,14.11,500
90,110,1.79,434.33
90,112,2.07,415.34
90,116,3.4,323.98
91,9,3.55,500
91,82,7.43,500
91,90,14.11,500
91,92,14.11,500
92,8,7.9,500
92,83,10.91,500
92,91,14.11,500
92,93,14.11,500
93,7,11.07,500
93,84,10.72,500
93,92,14.11,500
93,94,14.1,500
94,6,10.49,500
94,85,6.97,500
94,93,14.1,500
94,95,14.09,500
95,5,6.48,500
95,86,3.39,500
95,94,14.09,500
95,96,14.09,500
96,4,3.52,500
96,87,7.41,500
96,95,14.09,500
96,97,14.09,500
97,3,7.88,500
97,88,10.9,500
97,96,14.09,500
97,98,14.1,500
98,2,11.07,500
98,89,10.73,500
98,97,14.1,500
98,99,14.11,500
99,1,10.5,500
99,80,6.99,500
99,90,14.11,500
99,98,14.11,500
100,18,3.51,214.7
101,2,2.66,249.99
104,30,1.67,338.34
105,70,3.42,257.67
107,63,2.44,402.46
109,9,3.12,326.58
110,90,1.79,434.33
111,42,3.16,137.04
112,90,2.07,415.34
113,64,3.0,297.25
114,70,2.51,311.86
116,90,3.4,323.98
117,70,1.92,362.5
118,48,2.07,394.11
119,60,2.56,346.03
122,67,1.75,346.55
123,67,3.5,368.15
