3, 4
4, 3
5, 6
5, 7
6, 5
6, 7
7, 5
7, 6
11, 12
12, 11
16, 17
17, 16
18, 19
18, 20
18, 21
19, 18
19, 20
19, 21
20, 18
20, 19
20, 21
21, 18
21, 19
21, 20
22, 23
22, 24
23, 22
23, 24
24, 22
24, 23
27, 28
27, 29
27, 30
27, 30, 31
27, 30, 32
28, 27
28, 29
28, 30
28, 30, 31
28, 30, 32
29, 27
29, 28
29, 27, 30
29, 27, 30, 31
29, 27, 30, 32
30, 27
30, 28
30, 27, 29
30, 31
30, 32
31, 30, 27
31, 30, 28
31, 30, 27, 29
31, 30
31, 32
32, 30, 27
32, 30, 28
32, 30, 27, 29
32, 30
32, 31
34, 35
35, 34
37, 38
37, 38, 40, 39
37, 38, 40
37, 38, 40, 41
37, 38, 40, 39, 42
37, 38, 40, 41, 44, 43
37, 38, 40, 41, 44
38, 37
38, 40, 39
38, 40
38, 40, 41
38, 40, 39, 42
38, 40, 41, 44, 43
38, 40, 41, 44
39, 40, 38, 37
39, 40, 38
39, 40
39, 40, 41
39, 42
39, 42, 44, 43
39, 42, 44
40, 38, 37
40, 38
40, 39
40, 41
40, 39, 42
40, 41, 44, 43
40, 41, 44
41, 40, 38, 37
41, 40, 38
41, 40, 39
41, 40
41, 42
41, 44, 43
41, 44
42, 39, 40, 38, 37
42, 39, 40, 38
42, 39
42, 39, 40
42, 41
42, 44, 43
42, 44
43, 44, 41, 40, 38, 37
43, 44, 41, 40, 38
43, 44, 42, 39
43, 44, 41, 40
43, 44, 41
43, 44, 42
43, 44
44, 41, 40, 38, 37
44, 41, 40, 38
44, 42, 39
44, 41, 40
44, 41
44, 42
44, 43
45, 46
45, 47
46, 45
46, 47
47, 45
47, 46
49, 50
49, 50, 51
50, 49
50, 51
51, 50, 49
51, 50
52, 53
52, 54
52, 55
52, 56
52, 55, 57
52, 55, 57, 58
52, 55, 57, 58, 59
53, 52
53, 54
53, 55
53, 52, 56
53, 55, 57
53, 55, 57, 58
53, 55, 57, 58, 59
54, 52
54, 53
54, 52, 55
54, 52, 56
54, 52, 55, 57
54, 52, 55, 57, 58
54, 52, 55, 57, 58, 59
55, 52
55, 53
55, 52, 54
55, 56
55, 57
55, 57, 58
55, 57, 58, 59
56, 52
56, 52, 53
56, 52, 54
56, 55
56, 57
56, 57, 58
56, 57, 58, 59
57, 55, 52
57, 55, 53
57, 55, 52, 54
57, 55
57, 56
57, 58
57, 58, 59
58, 57, 55, 52
58, 57, 55, 53
58, 57, 55, 52, 54
58, 57, 55
58, 57, 56
58, 57
58, 59
59, 58, 57, 55, 52
59, 58, 57, 55, 53
59, 58, 57, 55, 52, 54
59, 58, 57, 55
59, 58, 57, 56
59, 58, 57
59, 58
61, 62
62, 61
64, 65
64, 66
65, 64
65, 66
66, 64
66, 65
67, 68
67, 68, 69
68, 67
68, 69
69, 68, 67
69, 68
75, 76
75, 79, 77
75, 79, 78
75, 79
76, 75
76, 75, 79, 77
76, 75, 79, 78
76, 75, 79
77, 79, 75
77, 79, 75, 76
77, 78
77, 79
78, 79, 75
78, 79, 75, 76
78, 77
78, 79
79, 75
79, 75, 76
79, 77
79, 78
80, 82, 81
80, 82
80, 82, 83
80, 82, 81, 84
80, 82, 81, 84, 85
80, 82, 81, 84, 85, 86
80, 82, 81, 84, 85, 86, 87
80, 82, 81, 84, 85, 86, 88
80, 82, 81, 84, 85, 86, 87, 89
80, 82, 81, 84, 85, 86, 87, 89, 90
80, 82, 81, 84, 85, 86, 87, 89, 90, 91
80, 82, 81, 84, 85, 86, 87, 89, 92
80, 82, 81, 84, 85, 86, 87, 89, 92, 93
81, 82, 80
81, 82
81, 83
81, 84
81, 84, 85
81, 84, 85, 86
81, 84, 85, 86, 87
81, 84, 85, 86, 88
81, 84, 85, 86, 87, 89
81, 84, 85, 86, 87, 89, 90
81, 84, 85, 86, 87, 89, 90, 91
81, 84, 85, 86, 87, 89, 92
81, 84, 85, 86, 87, 89, 92, 93
82, 80
82, 81
82, 83
82, 81, 84
82, 81, 84, 85
82, 81, 84, 85, 86
82, 81, 84, 85, 86, 87
82, 81, 84, 85, 86, 88
82, 81, 84, 85, 86, 87, 89
82, 81, 84, 85, 86, 87, 89, 90
82, 81, 84, 85, 86, 87, 89, 90, 91
82, 81, 84, 85, 86, 87, 89, 92
82, 81, 84, 85, 86, 87, 89, 92, 93
83, 82, 80
83, 81
83, 82
83, 81, 84
83, 81, 84, 85
83, 81, 84, 85, 86
83, 81, 84, 85, 86, 87
83, 81, 84, 85, 86, 88
83, 81, 84, 85, 86, 87, 89
83, 81, 84, 85, 86, 87, 89, 90
83, 81, 84, 85, 86, 87, 89, 90, 91
83, 81, 84, 85, 86, 87, 89, 92
83, 81, 84, 85, 86, 87, 89, 92, 93
84, 81, 82, 80
84, 81
84, 81, 82
84, 81, 83
84, 85
84, 85, 86
84, 85, 86, 87
84, 85, 86, 88
84, 85, 86, 87, 89
84, 85, 86, 87, 89, 90
84, 85, 86, 87, 89, 90, 91
84, 85, 86, 87, 89, 92
84, 85, 86, 87, 89, 92, 93
85, 84, 81, 82, 80
85, 84, 81
85, 84, 81, 82
85, 84, 81, 83
85, 84
85, 86
85, 86, 87
85, 86, 88
85, 86, 87, 89
85, 86, 87, 89, 90
85, 86, 87, 89, 90, 91
85, 86, 87, 89, 92
85, 86, 87, 89, 92, 93
86, 85, 84, 81, 82, 80
86, 85, 84, 81
86, 85, 84, 81, 82
86, 85, 84, 81, 83
86, 85, 84
86, 85
86, 87
86, 88
86, 87, 89
86, 87, 89, 90
86, 87, 89, 90, 91
86, 87, 89, 92
86, 87, 89, 92, 93
87, 86, 85, 84, 81, 82, 80
87, 86, 85, 84, 81
87, 86, 85, 84, 81, 82
87, 86, 85, 84, 81, 83
87, 86, 85, 84
87, 86, 85
87, 86
87, 88
87, 89
87, 89, 90
87, 89, 90, 91
87, 89, 92
87, 89, 92, 93
88, 86, 85, 84, 81, 82, 80
88, 86, 85, 84, 81
88, 86, 85, 84, 81, 82
88, 86, 85, 84, 81, 83
88, 86, 85, 84
88, 86, 85
88, 86
88, 87
88, 87, 89
88, 87, 89, 90
88, 87, 89, 90, 91
88, 87, 89, 92
88, 87, 89, 92, 93
89, 87, 86, 85, 84, 81, 82, 80
89, 87, 86, 85, 84, 81
89, 87, 86, 85, 84, 81, 82
89, 87, 86, 85, 84, 81, 83
89, 87, 86, 85, 84
89, 87, 86, 85
89, 87, 86
89, 87
89, 87, 88
89, 90
89, 90, 91
89, 92
89, 92, 93
90, 89, 87, 86, 85, 84, 81, 82, 80
90, 89, 87, 86, 85, 84, 81
90, 89, 87, 86, 85, 84, 81, 82
90, 89, 87, 86, 85, 84, 81, 83
90, 89, 87, 86, 85, 84
90, 89, 87, 86, 85
90, 89, 87, 86
90, 89, 87
90, 89, 87, 88
90, 89
90, 91
90, 89, 92
90, 89, 92, 93
91, 90, 89, 87, 86, 85, 84, 81, 82, 80
91, 90, 89, 87, 86, 85, 84, 81
91, 90, 89, 87, 86, 85, 84, 81, 82
91, 90, 89, 87, 86, 85, 84, 81, 83
91, 90, 89, 87, 86, 85, 84
91, 90, 89, 87, 86, 85
91, 90, 89, 87, 86
91, 90, 89, 87
91, 90, 89, 87, 88
91, 90, 89
91, 90
91, 92
91, 92, 93
92, 89, 87, 86, 85, 84, 81, 82, 80
92, 89, 87, 86, 85, 84, 81
92, 89, 87, 86, 85, 84, 81, 82
92, 89, 87, 86, 85, 84, 81, 83
92, 89, 87, 86, 85, 84
92, 89, 87, 86, 85
92, 89, 87, 86
92, 89, 87
92, 89, 87, 88
92, 89
92, 89, 90
92, 91
92, 93
93, 92, 89, 87, 86, 85, 84, 81, 82, 80
93, 92, 89, 87, 86, 85, 84, 81
93, 92, 89, 87, 86, 85, 84, 81, 82
93, 92, 89, 87, 86, 85, 84, 81, 83
93, 92, 89, 87, 86, 85, 84
93, 92, 89, 87, 86, 85
93, 92, 89, 87, 86
93, 92, 89, 87
93, 92, 89, 87, 88
93, 92, 89
93, 92, 89, 90
93, 92, 91
93, 92
101, 102
101, 103
101, 102, 104
101, 102, 104, 105
101, 102, 104, 105, 106
101, 102, 104, 105, 106, 107
102, 101
102, 103
102, 104
102, 104, 105
102, 104, 105, 106
102, 104, 105, 106, 107
103, 101
103, 102
103, 102, 104
103, 102, 104, 105
103, 102, 104, 105, 106
103, 102, 104, 105, 106, 107
104, 102, 101
104, 102
104, 102, 103
104, 105
104, 105, 106
104, 105, 106, 107
105, 104, 102, 101
105, 104, 102
105, 104, 102, 103
105, 104
105, 106
105, 106, 107
106, 105, 104, 102, 101
106, 105, 104, 102
106, 105, 104, 102, 103
106, 105, 104
106, 105
106, 107
107, 106, 105, 104, 102, 101
107, 106, 105, 104, 102
107, 106, 105, 104, 102, 103
107, 106, 105, 104
107, 106, 105
107, 106
109, 110
109, 111
110, 109
110, 111
111, 109
111, 110
