(2024_01_19_17_00_10.0): 1440, 1066, 1065, 1064, 1063, 1062, 1061, 1060, 1059, 1058, 1057, 1119, 1181, 1441
(2024_01_19_17_00_25.0): 1440, 1066, 1065, 1064, 1063, 1062, 1061, 1060, 1059, 1058, 1057, 1119, 1181, 1441
(2024_01_19_17_00_40.0): 1440, 1066, 1065, 1064, 1063, 1062, 1061, 1060, 1059, 1058, 1057, 1119, 1181, 1441
(2024_01_19_17_00_55.0): 1440, 1067, 1066, 1065, 1064, 1063, 1062, 1061, 1060, 1059, 1058, 1057, 1119, 1181, 1243, 1441
(2024_01_19_17_01_10.0): 1440, 1067, 1066, 1065, 1064, 1063, 1062, 1061, 1060, 1059, 1058, 1057, 1119, 1181, 1243, 1441
(2024_01_19_17_01_25.0): 1440, 1067, 1066, 1065, 1064, 1063, 1062, 1061, 1060, 1059, 1058, 1120, 1182, 1441
(2024_01_19_17_01_40.0): 1440, 1067, 1066, 1065, 1064, 1063, 1062, 1061, 1060, 1059, 1058, 1120, 1182, 1441
(2024_01_19_17_01_55.0): 1440, 1067, 1066, 1065, 1064, 1063, 1062, 1061, 1060, 1059, 1058, 1120, 1182, 1441
(2024_01_19_17_02_10.0): 1440, 1067, 1066, 1065, 1064, 1063, 1062, 1061, 1060, 1059, 1058, 1120, 1182, 1441
(2024_01_19_17_02_25.0): 1440, 758, 757, 756, 755, 754, 753, 752, 751, 750, 749, 748, 810, 872, 934, 996, 1058, 1120, 1182, 1244, 1441
