(2024_07_09_22_01_0.0): 105, 58, 57, 56, 63, 72, 81, 90, 112
(2024_07_09_22_03_0.0): 105, 70, 71, 72, 81, 90, 112
(2024_07_09_22_05_0.0): Unreachable
(2024_07_09_22_07_0.0): 105, 59, 58, 57, 62, 71, 80, 112
(2024_07_09_22_09_0.0): 105, 59, 58, 57, 62, 71, 80, 112
(2024_07_09_22_11_0.0): 105, 60, 61, 62, 71, 80, 99, 112
(2024_07_09_22_13_0.0): 105, 79, 70, 71, 80, 99, 112
(2024_07_09_22_15_0.0): Unreachable
(2024_07_09_22_17_0.0): 105, 50, 59, 58, 61, 70, 89, 112
(2024_07_09_22_19_0.0): 105, 50, 59, 58, 61, 70, 89, 112
