(2024_07_09_22_01_0.0): 405, 216, 215, 214, 213, 212, 211, 228, 247, 266, 285, 304, 323, 342, 361, 412
(2024_07_09_22_03_0.0): 405, 300, 301, 302, 303, 322, 412
(2024_07_09_22_05_0.0): 405, 217, 216, 215, 214, 213, 212, 227, 246, 265, 284, 303, 322, 341, 412
(2024_07_09_22_07_0.0): 405, 319, 300, 301, 302, 321, 412
(2024_07_09_22_09_0.0): 405, 222, 223, 224, 225, 226, 245, 264, 283, 302, 321, 340, 412
(2024_07_09_22_11_0.0): 405, 218, 217, 216, 215, 214, 213, 226, 245, 264, 283, 302, 321, 340, 379, 412
(2024_07_09_22_13_0.0): 405, 221, 222, 223, 224, 225, 244, 263, 282, 301, 320, 412
(2024_07_09_22_15_0.0): 405, 219, 218, 217, 216, 215, 214, 225, 244, 263, 282, 301, 320, 359, 412
(2024_07_09_22_17_0.0): 405, 317, 318, 319, 300, 339, 412
(2024_07_09_22_19_0.0): 405, 336, 337, 338, 339, 358, 412
