LUNAR-1000
1 27132U 98065A   29269.92715278 -.00022620  00000-0  13156-2 0  1005
2 27132  39.8233   0.0000 1300000  90.0000   0.0000  9.16239429361822
LUNAR-1001
1 97807U 98065A   29269.92715278 -.00022620  00000-0  13156-2 0  1004
2 97807  39.8233   0.0000 1300000  90.0000  45.0000  9.16239429414940
LUNAR-1002
1 73764U 98065A   29269.92715278 -.00022620  00000-0  13156-2 0  1008
2 73764  39.8233   0.0000 1300000  90.0000  90.0000  9.16239429282785
LUNAR-1003
1 69754U 98065A   29269.92715278 -.00022620  00000-0  13156-2 0  1004
2 69754  39.8233   0.0000 1300000  90.0000 135.0000  9.16239429362333
LUNAR-1004
1 23279U 98065A   29269.92715278 -.00022620  00000-0  13156-2 0  1006
2 23279  39.8233   0.0000 1300000  90.0000 180.0000  9.16239429609266
LUNAR-1005
1 59030U 98065A   29269.92715278 -.00022620  00000-0  13156-2 0  1006
2 59030  39.8233   0.0000 1300000  90.0000 225.0000  9.16239429549686
LUNAR-1006
1 64159U 98065A   29269.92715278 -.00022620  00000-0  13156-2 0  1005
2 64159  39.8233   0.0000 1300000  90.0000 270.0000  9.16239429735387
LUNAR-1007
1 98022U 98065A   29269.92715278 -.00022620  00000-0  13156-2 0  1004
2 98022  39.8233   0.0000 1300000  90.0000 315.0000  9.16239429521432
LUNAR-1008
1 82772U 98065A   29269.92715278 -.00022620  00000-0  13156-2 0  1006
2 82772  39.8233  36.0000 1300000  90.0000   4.5000  9.16239429620852
LUNAR-1009
1 14815U 98065A   29269.92715278 -.00022620  00000-0  13156-2 0  1001
2 14815  39.8233  36.0000 1300000  90.0000  49.5000  9.16239429899812
LUNAR-1010
1 93571U 98065A   29269.92715278 -.00022620  00000-0  13156-2 0  1001
2 93571  39.8233  36.0000 1300000  90.0000  94.5000  9.16239429265052
LUNAR-1011
1 54928U 98065A   29269.92715278 -.00022620  00000-0  13156-2 0  1005
2 54928  39.8233  36.0000 1300000  90.0000 139.5000  9.16239429748808
LUNAR-1012
1 41445U 98065A   29269.92715278 -.00022620  00000-0  13156-2 0  1007
2 41445  39.8233  36.0000 1300000  90.0000 184.5000  9.16239429171267
LUNAR-1013
1 55730U 98065A   29269.92715278 -.00022620  00000-0  13156-2 0  1001
2 55730  39.8233  36.0000 1300000  90.0000 229.5000  9.16239429860085
LUNAR-1014
1 99508U 98065A   29269.92715278 -.00022620  00000-0  13156-2 0  1003
2 99508  39.8233  36.0000 1300000  90.0000 274.5000  9.16239429265788
LUNAR-1015
1 47910U 98065A   29269.92715278 -.00022620  00000-0  13156-2 0  1005
2 47910  39.8233  36.0000 1300000  90.0000 319.5000  9.16239429678830
LUNAR-1016
1 80834U 98065A   29269.92715278 -.00022620  00000-0  13156-2 0  1000
2 80834  39.8233  72.0000 1300000  90.0000   9.0000  9.16239429263525
LUNAR-1017
1 91326U 98065A   29269.92715278 -.00022620  00000-0  13156-2 0  1002
2 91326  39.8233  72.0000 1300000  90.0000  54.0000  9.16239429322770
LUNAR-1018
1 24172U 98065A   29269.92715278 -.00022620  00000-0  13156-2 0  1008
2 24172  39.8233  72.0000 1300000  90.0000  99.0000  9.16239429249960
LUNAR-1019
1 90023U 98065A   29269.92715278 -.00022620  00000-0  13156-2 0  1004
2 90023  39.8233  72.0000 1300000  90.0000 144.0000  9.16239429356534
LUNAR-1020
1 43479U 98065A   29269.92715278 -.00022620  00000-0  13156-2 0  1003
2 43479  39.8233  72.0000 1300000  90.0000 189.0000  9.16239429405821
LUNAR-1021
1 54599U 98065A   29269.92715278 -.00022620  00000-0  13156-2 0  1002
2 54599  39.8233  72.0000 1300000  90.0000 234.0000  9.16239429583900
LUNAR-1022
1 80812U 98065A   29269.92715278 -.00022620  00000-0  13156-2 0  1005
2 80812  39.8233  72.0000 1300000  90.0000 279.0000  9.16239429531953
LUNAR-1023
1 99722U 98065A   29269.92715278 -.00022620  00000-0  13156-2 0  1008
2 99722  39.8233  72.0000 1300000  90.0000 324.0000  9.16239429752600
LUNAR-1024
1 94611U 98065A   29269.92715278 -.00022620  00000-0  13156-2 0  1007
2 94611  39.8233 108.0000 1300000  90.0000  13.5000  9.16239429264125
LUNAR-1025
1 21115U 98065A   29269.92715278 -.00022620  00000-0  13156-2 0  1004
2 21115  39.8233 108.0000 1300000  90.0000  58.5000  9.16239429633346
LUNAR-1026
1 89689U 98065A   29269.92715278 -.00022620  00000-0  13156-2 0  1007
2 89689  39.8233 108.0000 1300000  90.0000 103.5000  9.16239429741308
LUNAR-1027
1 17940U 98065A   29269.92715278 -.00022620  00000-0  13156-2 0  1000
2 17940  39.8233 108.0000 1300000  90.0000 148.5000  9.16239429871500
LUNAR-1028
1 85016U 98065A   29269.92715278 -.00022620  00000-0  13156-2 0  1003
2 85016  39.8233 108.0000 1300000  90.0000 193.5000  9.16239429302788
LUNAR-1029
1 48255U 98065A   29269.92715278 -.00022620  00000-0  13156-2 0  1007
2 48255  39.8233 108.0000 1300000  90.0000 238.5000  9.16239429971840
LUNAR-1030
1 84264U 98065A   29269.92715278 -.00022620  00000-0  13156-2 0  1008
2 84264  39.8233 108.0000 1300000  90.0000 283.5000  9.16239429955014
LUNAR-1031
1 84953U 98065A   29269.92715278 -.00022620  00000-0  13156-2 0  1004
2 84953  39.8233 108.0000 1300000  90.0000 328.5000  9.16239429820377
LUNAR-1032
1 87382U 98065A   29269.92715278 -.00022620  00000-0  13156-2 0  1004
2 87382  39.8233 144.0000 1300000  90.0000  18.0000  9.16239429886014
LUNAR-1033
1 47709U 98065A   29269.92715278 -.00022620  00000-0  13156-2 0  1001
2 47709  39.8233 144.0000 1300000  90.0000  63.0000  9.16239429296882
LUNAR-1034
1 50475U 98065A   29269.92715278 -.00022620  00000-0  13156-2 0  1007
2 50475  39.8233 144.0000 1300000  90.0000 108.0000  9.16239429476023
LUNAR-1035
1 77408U 98065A   29269.92715278 -.00022620  00000-0  13156-2 0  1008
2 77408  39.8233 144.0000 1300000  90.0000 153.0000  9.16239429855756
LUNAR-1036
1 14472U 98065A   29269.92715278 -.00022620  00000-0  13156-2 0  1005
2 14472  39.8233 144.0000 1300000  90.0000 198.0000  9.16239429293855
LUNAR-1037
1 34141U 98065A   29269.92715278 -.00022620  00000-0  13156-2 0  1000
2 34141  39.8233 144.0000 1300000  90.0000 243.0000  9.16239429508487
LUNAR-1038
1 34765U 98065A   29269.92715278 -.00022620  00000-0  13156-2 0  1007
2 34765  39.8233 144.0000 1300000  90.0000 288.0000  9.16239429546290
LUNAR-1039
1 97912U 98065A   29269.92715278 -.00022620  00000-0  13156-2 0  1001
2 97912  39.8233 144.0000 1300000  90.0000 333.0000  9.16239429717611
LUNAR-1040
1 46600U 98065A   29269.92715278 -.00022620  00000-0  13156-2 0  1008
2 46600  39.8233 180.0000 1300000  90.0000  22.5000  9.16239429972954
LUNAR-1041
1 46012U 98065A   29269.92715278 -.00022620  00000-0  13156-2 0  1000
2 46012  39.8233 180.0000 1300000  90.0000  67.5000  9.16239429289210
LUNAR-1042
1 70191U 98065A   29269.92715278 -.00022620  00000-0  13156-2 0  1005
2 70191  39.8233 180.0000 1300000  90.0000 112.5000  9.16239429277883
LUNAR-1043
1 80371U 98065A   29269.92715278 -.00022620  00000-0  13156-2 0  1006
2 80371  39.8233 180.0000 1300000  90.0000 157.5000  9.16239429660136
LUNAR-1044
1 15932U 98065A   29269.92715278 -.00022620  00000-0  13156-2 0  1004
2 15932  39.8233 180.0000 1300000  90.0000 202.5000  9.16239429791437
LUNAR-1045
1 64864U 98065A   29269.92715278 -.00022620  00000-0  13156-2 0  1002
2 64864  39.8233 180.0000 1300000  90.0000 247.5000  9.16239429336285
LUNAR-1046
1 57771U 98065A   29269.92715278 -.00022620  00000-0  13156-2 0  1002
2 57771  39.8233 180.0000 1300000  90.0000 292.5000  9.16239429107423
LUNAR-1047
1 71485U 98065A   29269.92715278 -.00022620  00000-0  13156-2 0  1000
2 71485  39.8233 180.0000 1300000  90.0000 337.5000  9.16239429327088
LUNAR-1048
1 23916U 98065A   29269.92715278 -.00022620  00000-0  13156-2 0  1002
2 23916  39.8233 216.0000 1300000  90.0000  27.0000  9.16239429396138
LUNAR-1049
1 14980U 98065A   29269.92715278 -.00022620  00000-0  13156-2 0  1005
2 14980  39.8233 216.0000 1300000  90.0000  72.0000  9.16239429202325
LUNAR-1050
1 72284U 98065A   29269.92715278 -.00022620  00000-0  13156-2 0  1003
2 72284  39.8233 216.0000 1300000  90.0000 117.0000  9.16239429569181
LUNAR-1051
1 41485U 98065A   29269.92715278 -.00022620  00000-0  13156-2 0  1005
2 41485  39.8233 216.0000 1300000  90.0000 162.0000  9.16239429196401
LUNAR-1052
1 53749U 98065A   29269.92715278 -.00022620  00000-0  13156-2 0  1005
2 53749  39.8233 216.0000 1300000  90.0000 207.0000  9.16239429705828
LUNAR-1053
1 27162U 98065A   29269.92715278 -.00022620  00000-0  13156-2 0  1001
2 27162  39.8233 216.0000 1300000  90.0000 252.0000  9.16239429293268
LUNAR-1054
1 17590U 98065A   29269.92715278 -.00022620  00000-0  13156-2 0  1002
2 17590  39.8233 216.0000 1300000  90.0000 297.0000  9.16239429778470
LUNAR-1055
1 64058U 98065A   29269.92715278 -.00022620  00000-0  13156-2 0  1001
2 64058  39.8233 216.0000 1300000  90.0000 342.0000  9.16239429553626
LUNAR-1056
1 53093U 98065A   29269.92715278 -.00022620  00000-0  13156-2 0  1005
2 53093  39.8233 252.0000 1300000  90.0000  31.5000  9.16239429181447
LUNAR-1057
1 89415U 98065A   29269.92715278 -.00022620  00000-0  13156-2 0  1007
2 89415  39.8233 252.0000 1300000  90.0000  76.5000  9.16239429561208
LUNAR-1058
1 13968U 98065A   29269.92715278 -.00022620  00000-0  13156-2 0  1006
2 13968  39.8233 252.0000 1300000  90.0000 121.5000  9.16239429176144
LUNAR-1059
1 30911U 98065A   29269.92715278 -.00022620  00000-0  13156-2 0  1003
2 30911  39.8233 252.0000 1300000  90.0000 166.5000  9.16239429725935
LUNAR-1060
1 48929U 98065A   29269.92715278 -.00022620  00000-0  13156-2 0  1003
2 48929  39.8233 252.0000 1300000  90.0000 211.5000  9.16239429490112
LUNAR-1061
1 14631U 98065A   29269.92715278 -.00022620  00000-0  13156-2 0  1007
2 14631  39.8233 252.0000 1300000  90.0000 256.5000  9.16239429475057
LUNAR-1062
1 79724U 98065A   29269.92715278 -.00022620  00000-0  13156-2 0  1001
2 79724  39.8233 252.0000 1300000  90.0000 301.5000  9.16239429113445
LUNAR-1063
1 18455U 98065A   29269.92715278 -.00022620  00000-0  13156-2 0  1001
2 18455  39.8233 252.0000 1300000  90.0000 346.5000  9.16239429196068
LUNAR-1064
1 56381U 98065A   29269.92715278 -.00022620  00000-0  13156-2 0  1002
2 56381  39.8233 288.0000 1300000  90.0000  36.0000  9.16239429675865
LUNAR-1065
1 45134U 98065A   29269.92715278 -.00022620  00000-0  13156-2 0  1006
2 45134  39.8233 288.0000 1300000  90.0000  81.0000  9.16239429742590
LUNAR-1066
1 89819U 98065A   29269.92715278 -.00022620  00000-0  13156-2 0  1000
2 89819  39.8233 288.0000 1300000  90.0000 126.0000  9.16239429908615
LUNAR-1067
1 61081U 98065A   29269.92715278 -.00022620  00000-0  13156-2 0  1005
2 61081  39.8233 288.0000 1300000  90.0000 171.0000  9.16239429469632
LUNAR-1068
1 80590U 98065A   29269.92715278 -.00022620  00000-0  13156-2 0  1008
2 80590  39.8233 288.0000 1300000  90.0000 216.0000  9.16239429717381
LUNAR-1069
1 38675U 98065A   29269.92715278 -.00022620  00000-0  13156-2 0  1008
2 38675  39.8233 288.0000 1300000  90.0000 261.0000  9.16239429469954
LUNAR-1070
1 77943U 98065A   29269.92715278 -.00022620  00000-0  13156-2 0  1005
2 77943  39.8233 288.0000 1300000  90.0000 306.0000  9.16239429864820
LUNAR-1071
1 97589U 98065A   29269.92715278 -.00022620  00000-0  13156-2 0  1002
2 97589  39.8233 288.0000 1300000  90.0000 351.0000  9.16239429236415
LUNAR-1072
1 71384U 98065A   29269.92715278 -.00022620  00000-0  13156-2 0  1002
2 71384  39.8233 324.0000 1300000  90.0000  40.5000  9.16239429355422
LUNAR-1073
1 43505U 98065A   29269.92715278 -.00022620  00000-0  13156-2 0  1003
2 43505  39.8233 324.0000 1300000  90.0000  85.5000  9.16239429628770
LUNAR-1074
1 49357U 98065A   29269.92715278 -.00022620  00000-0  13156-2 0  1006
2 49357  39.8233 324.0000 1300000  90.0000 130.5000  9.16239429116303
LUNAR-1075
1 13022U 98065A   29269.92715278 -.00022620  00000-0  13156-2 0  1008
2 13022  39.8233 324.0000 1300000  90.0000 175.5000  9.16239429676521
LUNAR-1076
1 38606U 98065A   29269.92715278 -.00022620  00000-0  13156-2 0  1001
2 38606  39.8233 324.0000 1300000  90.0000 220.5000  9.16239429824657
LUNAR-1077
1 17118U 98065A   29269.92715278 -.00022620  00000-0  13156-2 0  1007
2 17118  39.8233 324.0000 1300000  90.0000 265.5000  9.16239429941970
LUNAR-1078
1 43388U 98065A   29269.92715278 -.00022620  00000-0  13156-2 0  1000
2 43388  39.8233 324.0000 1300000  90.0000 310.5000  9.16239429687897
LUNAR-1079
1 99505U 98065A   29269.92715278 -.00022620  00000-0  13156-2 0  1000
2 99505  39.8233 324.0000 1300000  90.0000 355.5000  9.16239429770053
