LUNAR-1000
1 66683U 98065A   24270.92715278 -.00022620  00000-0  13156-2 0  1003
2 66683  84.0000   0.0000 0300000 270.0000   0.0000 11.29093996382600
LUNAR-1001
1 22571U 98065A   24270.92715278 -.00022620  00000-0  13156-2 0  1001
2 22571  84.0000   0.0000 0300000 270.0000  15.4156 11.29093996219888
LUNAR-1002
1 89483U 98065A   24270.92715278 -.00022620  00000-0  13156-2 0  1001
2 89483  84.0000   0.0000 0300000 270.0000  30.9034 11.29093996426075
LUNAR-1003
1 52909U 98065A   24270.92715278 -.00022620  00000-0  13156-2 0  1008
2 52909  84.0000   0.0000 0300000 270.0000  46.5308 11.29093996287392
LUNAR-1004
1 97344U 98065A   24270.92715278 -.00022620  00000-0  13156-2 0  1008
2 97344  84.0000   0.0000 0300000 270.0000  62.3568 11.29093996327034
LUNAR-1005
1 54164U 98065A   24270.92715278 -.00022620  00000-0  13156-2 0  1008
2 54164  84.0000   0.0000 0300000 270.0000  78.4268 11.29093996255631
LUNAR-1006
1 66928U 98065A   24270.92715278 -.00022620  00000-0  13156-2 0  1007
2 66928  84.0000   0.0000 0300000 270.0000  94.7686 11.29093996355897
LUNAR-1007
1 59209U 98065A   24270.92715278 -.00022620  00000-0  13156-2 0  1002
2 59209  84.0000   0.0000 0300000 270.0000 111.3893 11.29093996264657
LUNAR-1008
1 62687U 98065A   24270.92715278 -.00022620  00000-0  13156-2 0  1003
2 62687  84.0000   0.0000 0300000 270.0000 128.2725 11.29093996416992
LUNAR-1009
1 60400U 98065A   24270.92715278 -.00022620  00000-0  13156-2 0  1000
2 60400  84.0000   0.0000 0300000 270.0000 145.3784 11.29093996943321
LUNAR-1010
1 53560U 98065A   24270.92715278 -.00022620  00000-0  13156-2 0  1004
2 53560  84.0000   0.0000 0300000 270.0000 162.6465 11.29093996411223
LUNAR-1011
1 75379U 98065A   24270.92715278 -.00022620  00000-0  13156-2 0  1003
2 75379  84.0000   0.0000 0300000 270.0000 180.0000 11.29093996512947
LUNAR-1012
1 82289U 98065A   24270.92715278 -.00022620  00000-0  13156-2 0  1005
2 82289  84.0000   0.0000 0300000 270.0000 197.3535 11.29093996401272
LUNAR-1013
1 48967U 98065A   24270.92715278 -.00022620  00000-0  13156-2 0  1007
2 48967  84.0000   0.0000 0300000 270.0000 214.6216 11.29093996790952
LUNAR-1014
1 49321U 98065A   24270.92715278 -.00022620  00000-0  13156-2 0  1008
2 49321  84.0000   0.0000 0300000 270.0000 231.7275 11.29093996478162
LUNAR-1015
1 26432U 98065A   24270.92715278 -.00022620  00000-0  13156-2 0  1001
2 26432  84.0000   0.0000 0300000 270.0000 248.6107 11.29093996366950
LUNAR-1016
1 95651U 98065A   24270.92715278 -.00022620  00000-0  13156-2 0  1003
2 95651  84.0000   0.0000 0300000 270.0000 265.2314 11.29093996693028
LUNAR-1017
1 23488U 98065A   24270.92715278 -.00022620  00000-0  13156-2 0  1000
2 23488  84.0000   0.0000 0300000 270.0000 281.5732 11.29093996712043
LUNAR-1018
1 77348U 98065A   24270.92715278 -.00022620  00000-0  13156-2 0  1006
2 77348  84.0000   0.0000 0300000 270.0000 297.6432 11.29093996892280
LUNAR-1019
1 96920U 98065A   24270.92715278 -.00022620  00000-0  13156-2 0  1007
2 96920  84.0000   0.0000 0300000 270.0000 313.4692 11.29093996941591
LUNAR-1020
1 68007U 98065A   24270.92715278 -.00022620  00000-0  13156-2 0  1003
2 68007  84.0000   0.0000 0300000 270.0000 329.0966 11.29093996608845
LUNAR-1021
1 27777U 98065A   24270.92715278 -.00022620  00000-0  13156-2 0  1008
2 27777  84.0000   0.0000 0300000 270.0000 344.5844 11.29093996598762
LUNAR-1022
1 99003U 98065A   24270.92715278 -.00022620  00000-0  13156-2 0  1008
2 99003  84.0000  18.0000 0300000 270.0000   0.7702 11.29093996410137
LUNAR-1023
1 34088U 98065A   24270.92715278 -.00022620  00000-0  13156-2 0  1008
2 34088  84.0000  18.0000 0300000 270.0000  16.1877 11.29093996179042
LUNAR-1024
1 55632U 98065A   24270.92715278 -.00022620  00000-0  13156-2 0  1001
2 55632  84.0000  18.0000 0300000 270.0000  31.6809 11.29093996317833
LUNAR-1025
1 53578U 98065A   24270.92715278 -.00022620  00000-0  13156-2 0  1006
2 53578  84.0000  18.0000 0300000 270.0000  47.3170 11.29093996599476
LUNAR-1026
1 79627U 98065A   24270.92715278 -.00022620  00000-0  13156-2 0  1004
2 79627  84.0000  18.0000 0300000 270.0000  63.1542 11.29093996163156
LUNAR-1027
1 31373U 98065A   24270.92715278 -.00022620  00000-0  13156-2 0  1008
2 31373  84.0000  18.0000 0300000 270.0000  79.2373 11.29093996853706
LUNAR-1028
1 95435U 98065A   24270.92715278 -.00022620  00000-0  13156-2 0  1004
2 95435  84.0000  18.0000 0300000 270.0000  95.5931 11.29093996369436
LUNAR-1029
1 23908U 98065A   24270.92715278 -.00022620  00000-0  13156-2 0  1003
2 23908  84.0000  18.0000 0300000 270.0000 112.2275 11.29093996109432
LUNAR-1030
1 68860U 98065A   24270.92715278 -.00022620  00000-0  13156-2 0  1004
2 68860  84.0000  18.0000 0300000 270.0000 129.1229 11.29093996393858
LUNAR-1031
1 97999U 98065A   24270.92715278 -.00022620  00000-0  13156-2 0  1002
2 97999  84.0000  18.0000 0300000 270.0000 146.2386 11.29093996881483
LUNAR-1032
1 47478U 98065A   24270.92715278 -.00022620  00000-0  13156-2 0  1004
2 47478  84.0000  18.0000 0300000 270.0000 163.5129 11.29093996712684
LUNAR-1033
1 66911U 98065A   24270.92715278 -.00022620  00000-0  13156-2 0  1004
2 66911  84.0000  18.0000 0300000 270.0000 180.8684 11.29093996438117
LUNAR-1034
1 49495U 98065A   24270.92715278 -.00022620  00000-0  13156-2 0  1001
2 49495  84.0000  18.0000 0300000 270.0000 198.2196 11.29093996791785
LUNAR-1035
1 72426U 98065A   24270.92715278 -.00022620  00000-0  13156-2 0  1000
2 72426  84.0000  18.0000 0300000 270.0000 215.4813 11.29093996365485
LUNAR-1036
1 11068U 98065A   24270.92715278 -.00022620  00000-0  13156-2 0  1007
2 11068  84.0000  18.0000 0300000 270.0000 232.5774 11.29093996226533
LUNAR-1037
1 75751U 98065A   24270.92715278 -.00022620  00000-0  13156-2 0  1008
2 75751  84.0000  18.0000 0300000 270.0000 249.4482 11.29093996275446
LUNAR-1038
1 17970U 98065A   24270.92715278 -.00022620  00000-0  13156-2 0  1006
2 17970  84.0000  18.0000 0300000 270.0000 266.0551 11.29093996947260
LUNAR-1039
1 58185U 98065A   24270.92715278 -.00022620  00000-0  13156-2 0  1002
2 58185  84.0000  18.0000 0300000 270.0000 282.3830 11.29093996530106
LUNAR-1040
1 30632U 98065A   24270.92715278 -.00022620  00000-0  13156-2 0  1002
2 30632  84.0000  18.0000 0300000 270.0000 298.4399 11.29093996456458
LUNAR-1041
1 12446U 98065A   24270.92715278 -.00022620  00000-0  13156-2 0  1003
2 12446  84.0000  18.0000 0300000 270.0000 314.2548 11.29093996529402
LUNAR-1042
1 42182U 98065A   24270.92715278 -.00022620  00000-0  13156-2 0  1008
2 42182  84.0000  18.0000 0300000 270.0000 329.8738 11.29093996749337
LUNAR-1043
1 90690U 98065A   24270.92715278 -.00022620  00000-0  13156-2 0  1003
2 90690  84.0000  18.0000 0300000 270.0000 345.3563 11.29093996179531
LUNAR-1044
1 71981U 98065A   24270.92715278 -.00022620  00000-0  13156-2 0  1002
2 71981  84.0000  36.0000 0300000 270.0000   1.5404 11.29093996936316
LUNAR-1045
1 53545U 98065A   24270.92715278 -.00022620  00000-0  13156-2 0  1007
2 53545  84.0000  36.0000 0300000 270.0000  16.9600 11.29093996158201
LUNAR-1046
1 67692U 98065A   24270.92715278 -.00022620  00000-0  13156-2 0  1006
2 67692  84.0000  36.0000 0300000 270.0000  32.4588 11.29093996396628
LUNAR-1047
1 34889U 98065A   24270.92715278 -.00022620  00000-0  13156-2 0  1006
2 34889  84.0000  36.0000 0300000 270.0000  48.1036 11.29093996752722
LUNAR-1048
1 64327U 98065A   24270.92715278 -.00022620  00000-0  13156-2 0  1004
2 64327  84.0000  36.0000 0300000 270.0000  63.9522 11.29093996162860
LUNAR-1049
1 52155U 98065A   24270.92715278 -.00022620  00000-0  13156-2 0  1001
2 52155  84.0000  36.0000 0300000 270.0000  80.0485 11.29093996617738
LUNAR-1050
1 11091U 98065A   24270.92715278 -.00022620  00000-0  13156-2 0  1008
2 11091  84.0000  36.0000 0300000 270.0000  96.4182 11.29093996534405
LUNAR-1051
1 28606U 98065A   24270.92715278 -.00022620  00000-0  13156-2 0  1007
2 28606  84.0000  36.0000 0300000 270.0000 113.0663 11.29093996918803
LUNAR-1052
1 79349U 98065A   24270.92715278 -.00022620  00000-0  13156-2 0  1002
2 79349  84.0000  36.0000 0300000 270.0000 129.9739 11.29093996658892
LUNAR-1053
1 52551U 98065A   24270.92715278 -.00022620  00000-0  13156-2 0  1001
2 52551  84.0000  36.0000 0300000 270.0000 147.0991 11.29093996159647
LUNAR-1054
1 54113U 98065A   24270.92715278 -.00022620  00000-0  13156-2 0  1006
2 54113  84.0000  36.0000 0300000 270.0000 164.3794 11.29093996947358
LUNAR-1055
1 70175U 98065A   24270.92715278 -.00022620  00000-0  13156-2 0  1007
2 70175  84.0000  36.0000 0300000 270.0000 181.7368 11.29093996352635
LUNAR-1056
1 37568U 98065A   24270.92715278 -.00022620  00000-0  13156-2 0  1007
2 37568  84.0000  36.0000 0300000 270.0000 199.0855 11.29093996501848
LUNAR-1057
1 51920U 98065A   24270.92715278 -.00022620  00000-0  13156-2 0  1001
2 51920  84.0000  36.0000 0300000 270.0000 216.3406 11.29093996420631
LUNAR-1058
1 43843U 98065A   24270.92715278 -.00022620  00000-0  13156-2 0  1003
2 43843  84.0000  36.0000 0300000 270.0000 233.4267 11.29093996191471
LUNAR-1059
1 87621U 98065A   24270.92715278 -.00022620  00000-0  13156-2 0  1001
2 87621  84.0000  36.0000 0300000 270.0000 250.2850 11.29093996986912
LUNAR-1060
1 99327U 98065A   24270.92715278 -.00022620  00000-0  13156-2 0  1007
2 99327  84.0000  36.0000 0300000 270.0000 266.8782 11.29093996621370
LUNAR-1061
1 97415U 98065A   24270.92715278 -.00022620  00000-0  13156-2 0  1007
2 97415  84.0000  36.0000 0300000 270.0000 283.1921 11.29093996324942
LUNAR-1062
1 98225U 98065A   24270.92715278 -.00022620  00000-0  13156-2 0  1000
2 98225  84.0000  36.0000 0300000 270.0000 299.2361 11.29093996638385
LUNAR-1063
1 68427U 98065A   24270.92715278 -.00022620  00000-0  13156-2 0  1006
2 68427  84.0000  36.0000 0300000 270.0000 315.0400 11.29093996430532
LUNAR-1064
1 65915U 98065A   24270.92715278 -.00022620  00000-0  13156-2 0  1002
2 65915  84.0000  36.0000 0300000 270.0000 330.6506 11.29093996609251
LUNAR-1065
1 17687U 98065A   24270.92715278 -.00022620  00000-0  13156-2 0  1002
2 17687  84.0000  36.0000 0300000 270.0000 346.1280 11.29093996884062
LUNAR-1066
1 38208U 98065A   24270.92715278 -.00022620  00000-0  13156-2 0  1006
2 38208  84.0000  54.0000 0300000 270.0000   2.3106 11.29093996276617
LUNAR-1067
1 74400U 98065A   24270.92715278 -.00022620  00000-0  13156-2 0  1003
2 74400  84.0000  54.0000 0300000 270.0000  17.7325 11.29093996124241
LUNAR-1068
1 88844U 98065A   24270.92715278 -.00022620  00000-0  13156-2 0  1000
2 88844  84.0000  54.0000 0300000 270.0000  33.2370 11.29093996231964
LUNAR-1069
1 13667U 98065A   24270.92715278 -.00022620  00000-0  13156-2 0  1008
2 13667  84.0000  54.0000 0300000 270.0000  48.8908 11.29093996698410
LUNAR-1070
1 42256U 98065A   24270.92715278 -.00022620  00000-0  13156-2 0  1005
2 42256  84.0000  54.0000 0300000 270.0000  64.7509 11.29093996245474
LUNAR-1071
1 80821U 98065A   24270.92715278 -.00022620  00000-0  13156-2 0  1005
2 80821  84.0000  54.0000 0300000 270.0000  80.8603 11.29093996597197
LUNAR-1072
1 84674U 98065A   24270.92715278 -.00022620  00000-0  13156-2 0  1001
2 84674  84.0000  54.0000 0300000 270.0000  97.2441 11.29093996162991
LUNAR-1073
1 60240U 98065A   24270.92715278 -.00022620  00000-0  13156-2 0  1008
2 60240  84.0000  54.0000 0300000 270.0000 113.9057 11.29093996438503
LUNAR-1074
1 51958U 98065A   24270.92715278 -.00022620  00000-0  13156-2 0  1005
2 51958  84.0000  54.0000 0300000 270.0000 130.8254 11.29093996507010
LUNAR-1075
1 18368U 98065A   24270.92715278 -.00022620  00000-0  13156-2 0  1000
2 18368  84.0000  54.0000 0300000 270.0000 147.9600 11.29093996516941
LUNAR-1076
1 97743U 98065A   24270.92715278 -.00022620  00000-0  13156-2 0  1003
2 97743  84.0000  54.0000 0300000 270.0000 165.2461 11.29093996824734
LUNAR-1077
1 50748U 98065A   24270.92715278 -.00022620  00000-0  13156-2 0  1003
2 50748  84.0000  54.0000 0300000 270.0000 182.6052 11.29093996707964
LUNAR-1078
1 49278U 98065A   24270.92715278 -.00022620  00000-0  13156-2 0  1007
2 49278  84.0000  54.0000 0300000 270.0000 199.9511 11.29093996327097
LUNAR-1079
1 49647U 98065A   24270.92715278 -.00022620  00000-0  13156-2 0  1003
2 49647  84.0000  54.0000 0300000 270.0000 217.1995 11.29093996332323
LUNAR-1080
1 91897U 98065A   24270.92715278 -.00022620  00000-0  13156-2 0  1006
2 91897  84.0000  54.0000 0300000 270.0000 234.2755 11.29093996161631
LUNAR-1081
1 48650U 98065A   24270.92715278 -.00022620  00000-0  13156-2 0  1004
2 48650  84.0000  54.0000 0300000 270.0000 251.1212 11.29093996649376
LUNAR-1082
1 36132U 98065A   24270.92715278 -.00022620  00000-0  13156-2 0  1004
2 36132  84.0000  54.0000 0300000 270.0000 267.7005 11.29093996652581
LUNAR-1083
1 46288U 98065A   24270.92715278 -.00022620  00000-0  13156-2 0  1007
2 46288  84.0000  54.0000 0300000 270.0000 284.0006 11.29093996445162
LUNAR-1084
1 36002U 98065A   24270.92715278 -.00022620  00000-0  13156-2 0  1001
2 36002  84.0000  54.0000 0300000 270.0000 300.0317 11.29093996359470
LUNAR-1085
1 16757U 98065A   24270.92715278 -.00022620  00000-0  13156-2 0  1005
2 16757  84.0000  54.0000 0300000 270.0000 315.8246 11.29093996404860
LUNAR-1086
1 92980U 98065A   24270.92715278 -.00022620  00000-0  13156-2 0  1008
2 92980  84.0000  54.0000 0300000 270.0000 331.4271 11.29093996231604
LUNAR-1087
1 54100U 98065A   24270.92715278 -.00022620  00000-0  13156-2 0  1005
2 54100  84.0000  54.0000 0300000 270.0000 346.8996 11.29093996299908
LUNAR-1088
1 11270U 98065A   24270.92715278 -.00022620  00000-0  13156-2 0  1007
2 11270  84.0000  72.0000 0300000 270.0000   3.0808 11.29093996941527
LUNAR-1089
1 65588U 98065A   24270.92715278 -.00022620  00000-0  13156-2 0  1008
2 65588  84.0000  72.0000 0300000 270.0000  18.5052 11.29093996188315
LUNAR-1090
1 19906U 98065A   24270.92715278 -.00022620  00000-0  13156-2 0  1000
2 19906  84.0000  72.0000 0300000 270.0000  34.0156 11.29093996530948
LUNAR-1091
1 80142U 98065A   24270.92715278 -.00022620  00000-0  13156-2 0  1000
2 80142  84.0000  72.0000 0300000 270.0000  49.6785 11.29093996568701
LUNAR-1092
1 78783U 98065A   24270.92715278 -.00022620  00000-0  13156-2 0  1000
2 78783  84.0000  72.0000 0300000 270.0000  65.5501 11.29093996203195
LUNAR-1093
1 74673U 98065A   24270.92715278 -.00022620  00000-0  13156-2 0  1004
2 74673  84.0000  72.0000 0300000 270.0000  81.6729 11.29093996757653
LUNAR-1094
1 33298U 98065A   24270.92715278 -.00022620  00000-0  13156-2 0  1006
2 33298  84.0000  72.0000 0300000 270.0000  98.0706 11.29093996724245
LUNAR-1095
1 29312U 98065A   24270.92715278 -.00022620  00000-0  13156-2 0  1000
2 29312  84.0000  72.0000 0300000 270.0000 114.7459 11.29093996256805
LUNAR-1096
1 92424U 98065A   24270.92715278 -.00022620  00000-0  13156-2 0  1005
2 92424  84.0000  72.0000 0300000 270.0000 131.6775 11.29093996723401
LUNAR-1097
1 90156U 98065A   24270.92715278 -.00022620  00000-0  13156-2 0  1005
2 90156  84.0000  72.0000 0300000 270.0000 148.8214 11.29093996100436
LUNAR-1098
1 23762U 98065A   24270.92715278 -.00022620  00000-0  13156-2 0  1008
2 23762  84.0000  72.0000 0300000 270.0000 166.1131 11.29093996269563
LUNAR-1099
1 35450U 98065A   24270.92715278 -.00022620  00000-0  13156-2 0  1001
2 35450  84.0000  72.0000 0300000 270.0000 183.4735 11.29093996668901
LUNAR-1100
1 56502U 98065A   24270.92715278 -.00022620  00000-0  13156-2 0  1002
2 56502  84.0000  72.0000 0300000 270.0000 200.8166 11.29093996832355
LUNAR-1101
1 82513U 98065A   24270.92715278 -.00022620  00000-0  13156-2 0  1000
2 82513  84.0000  72.0000 0300000 270.0000 218.0579 11.29093996696241
LUNAR-1102
1 68477U 98065A   24270.92715278 -.00022620  00000-0  13156-2 0  1003
2 68477  84.0000  72.0000 0300000 270.0000 235.1236 11.29093996299927
LUNAR-1103
1 72067U 98065A   24270.92715278 -.00022620  00000-0  13156-2 0  1007
2 72067  84.0000  72.0000 0300000 270.0000 251.9567 11.29093996562608
LUNAR-1104
1 65853U 98065A   24270.92715278 -.00022620  00000-0  13156-2 0  1005
2 65853  84.0000  72.0000 0300000 270.0000 268.5221 11.29093996681878
LUNAR-1105
1 14694U 98065A   24270.92715278 -.00022620  00000-0  13156-2 0  1005
2 14694  84.0000  72.0000 0300000 270.0000 284.8083 11.29093996423667
LUNAR-1106
1 36682U 98065A   24270.92715278 -.00022620  00000-0  13156-2 0  1000
2 36682  84.0000  72.0000 0300000 270.0000 300.8267 11.29093996207756
LUNAR-1107
1 88405U 98065A   24270.92715278 -.00022620  00000-0  13156-2 0  1007
2 88405  84.0000  72.0000 0300000 270.0000 316.6088 11.29093996383533
LUNAR-1108
1 85127U 98065A   24270.92715278 -.00022620  00000-0  13156-2 0  1003
2 85127  84.0000  72.0000 0300000 270.0000 332.2033 11.29093996383197
LUNAR-1109
1 92353U 98065A   24270.92715278 -.00022620  00000-0  13156-2 0  1003
2 92353  84.0000  72.0000 0300000 270.0000 347.6710 11.29093996838901
LUNAR-1110
1 53972U 98065A   24270.92715278 -.00022620  00000-0  13156-2 0  1001
2 53972  84.0000  90.0000 0300000 270.0000   3.8511 11.29093996697350
LUNAR-1111
1 40459U 98065A   24270.92715278 -.00022620  00000-0  13156-2 0  1002
2 40459  84.0000  90.0000 0300000 270.0000  19.2781 11.29093996475968
LUNAR-1112
1 68999U 98065A   24270.92715278 -.00022620  00000-0  13156-2 0  1003
2 68999  84.0000  90.0000 0300000 270.0000  34.7947 11.29093996312567
LUNAR-1113
1 60985U 98065A   24270.92715278 -.00022620  00000-0  13156-2 0  1004
2 60985  84.0000  90.0000 0300000 270.0000  50.4667 11.29093996863127
LUNAR-1114
1 28029U 98065A   24270.92715278 -.00022620  00000-0  13156-2 0  1006
2 28029  84.0000  90.0000 0300000 270.0000  66.3500 11.29093996475124
LUNAR-1115
1 42088U 98065A   24270.92715278 -.00022620  00000-0  13156-2 0  1008
2 42088  84.0000  90.0000 0300000 270.0000  82.4861 11.29093996462158
LUNAR-1116
1 64389U 98065A   24270.92715278 -.00022620  00000-0  13156-2 0  1000
2 64389  84.0000  90.0000 0300000 270.0000  98.8979 11.29093996364010
LUNAR-1117
1 39149U 98065A   24270.92715278 -.00022620  00000-0  13156-2 0  1007
2 39149  84.0000  90.0000 0300000 270.0000 115.5866 11.29093996126596
LUNAR-1118
1 33150U 98065A   24270.92715278 -.00022620  00000-0  13156-2 0  1000
2 33150  84.0000  90.0000 0300000 270.0000 132.5301 11.29093996313473
LUNAR-1119
1 88636U 98065A   24270.92715278 -.00022620  00000-0  13156-2 0  1007
2 88636  84.0000  90.0000 0300000 270.0000 149.6830 11.29093996461326
LUNAR-1120
1 46296U 98065A   24270.92715278 -.00022620  00000-0  13156-2 0  1000
2 46296  84.0000  90.0000 0300000 270.0000 166.9801 11.29093996776397
LUNAR-1121
1 23821U 98065A   24270.92715278 -.00022620  00000-0  13156-2 0  1000
2 23821  84.0000  90.0000 0300000 270.0000 184.3418 11.29093996974503
LUNAR-1122
1 16535U 98065A   24270.92715278 -.00022620  00000-0  13156-2 0  1006
2 16535  84.0000  90.0000 0300000 270.0000 201.6817 11.29093996400245
LUNAR-1123
1 63667U 98065A   24270.92715278 -.00022620  00000-0  13156-2 0  1005
2 63667  84.0000  90.0000 0300000 270.0000 218.9159 11.29093996368151
LUNAR-1124
1 49831U 98065A   24270.92715278 -.00022620  00000-0  13156-2 0  1008
2 49831  84.0000  90.0000 0300000 270.0000 235.9712 11.29093996684581
LUNAR-1125
1 52342U 98065A   24270.92715278 -.00022620  00000-0  13156-2 0  1007
2 52342  84.0000  90.0000 0300000 270.0000 252.7915 11.29093996494030
LUNAR-1126
1 80812U 98065A   24270.92715278 -.00022620  00000-0  13156-2 0  1006
2 80812  84.0000  90.0000 0300000 270.0000 269.3431 11.29093996285811
LUNAR-1127
1 45601U 98065A   24270.92715278 -.00022620  00000-0  13156-2 0  1000
2 45601  84.0000  90.0000 0300000 270.0000 285.6154 11.29093996270593
LUNAR-1128
1 77861U 98065A   24270.92715278 -.00022620  00000-0  13156-2 0  1002
2 77861  84.0000  90.0000 0300000 270.0000 301.6210 11.29093996655475
LUNAR-1129
1 27493U 98065A   24270.92715278 -.00022620  00000-0  13156-2 0  1005
2 27493  84.0000  90.0000 0300000 270.0000 317.3925 11.29093996173635
LUNAR-1130
1 77244U 98065A   24270.92715278 -.00022620  00000-0  13156-2 0  1004
2 77244  84.0000  90.0000 0300000 270.0000 332.9791 11.29093996834318
LUNAR-1131
1 47104U 98065A   24270.92715278 -.00022620  00000-0  13156-2 0  1007
2 47104  84.0000  90.0000 0300000 270.0000 348.4423 11.29093996508406
LUNAR-1132
1 65684U 98065A   24270.92715278 -.00022620  00000-0  13156-2 0  1007
2 65684  84.0000 108.0000 0300000 270.0000   4.6214 11.29093996957208
LUNAR-1133
1 52091U 98065A   24270.92715278 -.00022620  00000-0  13156-2 0  1007
2 52091  84.0000 108.0000 0300000 270.0000  20.0512 11.29093996340957
LUNAR-1134
1 20301U 98065A   24270.92715278 -.00022620  00000-0  13156-2 0  1003
2 20301  84.0000 108.0000 0300000 270.0000  35.5740 11.29093996149011
LUNAR-1135
1 94306U 98065A   24270.92715278 -.00022620  00000-0  13156-2 0  1004
2 94306  84.0000 108.0000 0300000 270.0000  51.2554 11.29093996249860
LUNAR-1136
1 86868U 98065A   24270.92715278 -.00022620  00000-0  13156-2 0  1002
2 86868  84.0000 108.0000 0300000 270.0000  67.1506 11.29093996859563
LUNAR-1137
1 31046U 98065A   24270.92715278 -.00022620  00000-0  13156-2 0  1007
2 31046  84.0000 108.0000 0300000 270.0000  83.3000 11.29093996851787
LUNAR-1138
1 40202U 98065A   24270.92715278 -.00022620  00000-0  13156-2 0  1006
2 40202  84.0000 108.0000 0300000 270.0000  99.7258 11.29093996824774
LUNAR-1139
1 16822U 98065A   24270.92715278 -.00022620  00000-0  13156-2 0  1002
2 16822  84.0000 108.0000 0300000 270.0000 116.4280 11.29093996590773
LUNAR-1140
1 93683U 98065A   24270.92715278 -.00022620  00000-0  13156-2 0  1002
2 93683  84.0000 108.0000 0300000 270.0000 133.3832 11.29093996286855
LUNAR-1141
1 33443U 98065A   24270.92715278 -.00022620  00000-0  13156-2 0  1001
2 33443  84.0000 108.0000 0300000 270.0000 150.5451 11.29093996418800
LUNAR-1142
1 36549U 98065A   24270.92715278 -.00022620  00000-0  13156-2 0  1008
2 36549  84.0000 108.0000 0300000 270.0000 167.8474 11.29093996363317
LUNAR-1143
1 33091U 98065A   24270.92715278 -.00022620  00000-0  13156-2 0  1008
2 33091  84.0000 108.0000 0300000 270.0000 185.2100 11.29093996772516
LUNAR-1144
1 98839U 98065A   24270.92715278 -.00022620  00000-0  13156-2 0  1002
2 98839  84.0000 108.0000 0300000 270.0000 202.5466 11.29093996989190
LUNAR-1145
1 32068U 98065A   24270.92715278 -.00022620  00000-0  13156-2 0  1000
2 32068  84.0000 108.0000 0300000 270.0000 219.7735 11.29093996424645
LUNAR-1146
1 38096U 98065A   24270.92715278 -.00022620  00000-0  13156-2 0  1003
2 38096  84.0000 108.0000 0300000 270.0000 236.8181 11.29093996472010
LUNAR-1147
1 70498U 98065A   24270.92715278 -.00022620  00000-0  13156-2 0  1008
2 70498  84.0000 108.0000 0300000 270.0000 253.6257 11.29093996192673
LUNAR-1148
1 89285U 98065A   24270.92715278 -.00022620  00000-0  13156-2 0  1003
2 89285  84.0000 108.0000 0300000 270.0000 270.1633 11.29093996412321
LUNAR-1149
1 15007U 98065A   24270.92715278 -.00022620  00000-0  13156-2 0  1000
2 15007  84.0000 108.0000 0300000 270.0000 286.4219 11.29093996466956
LUNAR-1150
1 92774U 98065A   24270.92715278 -.00022620  00000-0  13156-2 0  1008
2 92774  84.0000 108.0000 0300000 270.0000 302.4148 11.29093996616567
LUNAR-1151
1 19799U 98065A   24270.92715278 -.00022620  00000-0  13156-2 0  1005
2 19799  84.0000 108.0000 0300000 270.0000 318.1758 11.29093996261420
LUNAR-1152
1 79529U 98065A   24270.92715278 -.00022620  00000-0  13156-2 0  1007
2 79529  84.0000 108.0000 0300000 270.0000 333.7547 11.29093996480585
LUNAR-1153
1 54980U 98065A   24270.92715278 -.00022620  00000-0  13156-2 0  1005
2 54980  84.0000 108.0000 0300000 270.0000 349.2134 11.29093996291031
LUNAR-1154
1 76495U 98065A   24270.92715278 -.00022620  00000-0  13156-2 0  1004
2 76495  84.0000 126.0000 0300000 270.0000   5.3917 11.29093996286011
LUNAR-1155
1 22566U 98065A   24270.92715278 -.00022620  00000-0  13156-2 0  1007
2 22566  84.0000 126.0000 0300000 270.0000  20.8245 11.29093996452010
LUNAR-1156
1 57134U 98065A   24270.92715278 -.00022620  00000-0  13156-2 0  1008
2 57134  84.0000 126.0000 0300000 270.0000  36.3538 11.29093996834584
LUNAR-1157
1 68317U 98065A   24270.92715278 -.00022620  00000-0  13156-2 0  1002
2 68317  84.0000 126.0000 0300000 270.0000  52.0447 11.29093996690940
LUNAR-1158
1 32127U 98065A   24270.92715278 -.00022620  00000-0  13156-2 0  1007
2 32127  84.0000 126.0000 0300000 270.0000  67.9517 11.29093996898691
LUNAR-1159
1 54811U 98065A   24270.92715278 -.00022620  00000-0  13156-2 0  1005
2 54811  84.0000 126.0000 0300000 270.0000  84.1147 11.29093996569282
LUNAR-1160
1 38559U 98065A   24270.92715278 -.00022620  00000-0  13156-2 0  1004
2 38559  84.0000 126.0000 0300000 270.0000 100.5545 11.29093996309453
LUNAR-1161
1 89677U 98065A   24270.92715278 -.00022620  00000-0  13156-2 0  1004
2 89677  84.0000 126.0000 0300000 270.0000 117.2701 11.29093996810250
LUNAR-1162
1 86352U 98065A   24270.92715278 -.00022620  00000-0  13156-2 0  1005
2 86352  84.0000 126.0000 0300000 270.0000 134.2369 11.29093996449216
LUNAR-1163
1 49097U 98065A   24270.92715278 -.00022620  00000-0  13156-2 0  1004
2 49097  84.0000 126.0000 0300000 270.0000 151.4075 11.29093996736545
LUNAR-1164
1 16989U 98065A   24270.92715278 -.00022620  00000-0  13156-2 0  1005
2 16989  84.0000 126.0000 0300000 270.0000 168.7148 11.29093996890033
LUNAR-1165
1 42024U 98065A   24270.92715278 -.00022620  00000-0  13156-2 0  1007
2 42024  84.0000 126.0000 0300000 270.0000 186.0782 11.29093996934397
LUNAR-1166
1 24099U 98065A   24270.92715278 -.00022620  00000-0  13156-2 0  1000
2 24099  84.0000 126.0000 0300000 270.0000 203.4112 11.29093996721626
LUNAR-1167
1 71472U 98065A   24270.92715278 -.00022620  00000-0  13156-2 0  1001
2 71472  84.0000 126.0000 0300000 270.0000 220.6306 11.29093996393724
LUNAR-1168
1 88672U 98065A   24270.92715278 -.00022620  00000-0  13156-2 0  1007
2 88672  84.0000 126.0000 0300000 270.0000 237.6645 11.29093996490532
LUNAR-1169
1 84645U 98065A   24270.92715278 -.00022620  00000-0  13156-2 0  1002
2 84645  84.0000 126.0000 0300000 270.0000 254.4591 11.29093996268022
LUNAR-1170
1 29881U 98065A   24270.92715278 -.00022620  00000-0  13156-2 0  1005
2 29881  84.0000 126.0000 0300000 270.0000 270.9828 11.29093996358966
LUNAR-1171
1 42432U 98065A   24270.92715278 -.00022620  00000-0  13156-2 0  1001
2 42432  84.0000 126.0000 0300000 270.0000 287.2276 11.29093996496033
LUNAR-1172
1 53130U 98065A   24270.92715278 -.00022620  00000-0  13156-2 0  1002
2 53130  84.0000 126.0000 0300000 270.0000 303.2080 11.29093996832812
LUNAR-1173
1 42870U 98065A   24270.92715278 -.00022620  00000-0  13156-2 0  1005
2 42870  84.0000 126.0000 0300000 270.0000 318.9586 11.29093996630847
LUNAR-1174
1 62610U 98065A   24270.92715278 -.00022620  00000-0  13156-2 0  1005
2 62610  84.0000 126.0000 0300000 270.0000 334.5299 11.29093996762958
LUNAR-1175
1 73620U 98065A   24270.92715278 -.00022620  00000-0  13156-2 0  1007
2 73620  84.0000 126.0000 0300000 270.0000 349.9844 11.29093996482988
LUNAR-1176
1 19762U 98065A   24270.92715278 -.00022620  00000-0  13156-2 0  1000
2 19762  84.0000 144.0000 0300000 270.0000   6.1622 11.29093996992766
LUNAR-1177
1 45133U 98065A   24270.92715278 -.00022620  00000-0  13156-2 0  1007
2 45133  84.0000 144.0000 0300000 270.0000  21.5981 11.29093996585914
LUNAR-1178
1 98931U 98065A   24270.92715278 -.00022620  00000-0  13156-2 0  1007
2 98931  84.0000 144.0000 0300000 270.0000  37.1340 11.29093996374795
LUNAR-1179
1 37095U 98065A   24270.92715278 -.00022620  00000-0  13156-2 0  1006
2 37095  84.0000 144.0000 0300000 270.0000  52.8345 11.29093996470605
LUNAR-1180
1 71173U 98065A   24270.92715278 -.00022620  00000-0  13156-2 0  1006
2 71173  84.0000 144.0000 0300000 270.0000  68.7535 11.29093996850557
LUNAR-1181
1 77687U 98065A   24270.92715278 -.00022620  00000-0  13156-2 0  1001
2 77687  84.0000 144.0000 0300000 270.0000  84.9300 11.29093996185111
LUNAR-1182
1 46324U 98065A   24270.92715278 -.00022620  00000-0  13156-2 0  1004
2 46324  84.0000 144.0000 0300000 270.0000 101.3838 11.29093996189117
LUNAR-1183
1 50970U 98065A   24270.92715278 -.00022620  00000-0  13156-2 0  1004
2 50970  84.0000 144.0000 0300000 270.0000 118.1128 11.29093996873430
LUNAR-1184
1 76986U 98065A   24270.92715278 -.00022620  00000-0  13156-2 0  1000
2 76986  84.0000 144.0000 0300000 270.0000 135.0911 11.29093996224175
LUNAR-1185
1 58447U 98065A   24270.92715278 -.00022620  00000-0  13156-2 0  1008
2 58447  84.0000 144.0000 0300000 270.0000 152.2702 11.29093996830848
LUNAR-1186
1 22689U 98065A   24270.92715278 -.00022620  00000-0  13156-2 0  1004
2 22689  84.0000 144.0000 0300000 270.0000 169.5823 11.29093996678417
LUNAR-1187
1 42827U 98065A   24270.92715278 -.00022620  00000-0  13156-2 0  1006
2 42827  84.0000 144.0000 0300000 270.0000 186.9463 11.29093996805984
LUNAR-1188
1 76179U 98065A   24270.92715278 -.00022620  00000-0  13156-2 0  1001
2 76179  84.0000 144.0000 0300000 270.0000 204.2755 11.29093996645717
LUNAR-1189
1 28873U 98065A   24270.92715278 -.00022620  00000-0  13156-2 0  1000
2 28873  84.0000 144.0000 0300000 270.0000 221.4872 11.29093996848472
LUNAR-1190
1 28057U 98065A   24270.92715278 -.00022620  00000-0  13156-2 0  1006
2 28057  84.0000 144.0000 0300000 270.0000 238.5103 11.29093996114081
LUNAR-1191
1 27100U 98065A   24270.92715278 -.00022620  00000-0  13156-2 0  1002
2 27100  84.0000 144.0000 0300000 270.0000 255.2919 11.29093996584817
LUNAR-1192
1 84795U 98065A   24270.92715278 -.00022620  00000-0  13156-2 0  1007
2 84795  84.0000 144.0000 0300000 270.0000 271.8017 11.29093996563667
LUNAR-1193
1 21583U 98065A   24270.92715278 -.00022620  00000-0  13156-2 0  1007
2 21583  84.0000 144.0000 0300000 270.0000 288.0327 11.29093996589812
LUNAR-1194
1 40066U 98065A   24270.92715278 -.00022620  00000-0  13156-2 0  1004
2 40066  84.0000 144.0000 0300000 270.0000 304.0006 11.29093996957891
LUNAR-1195
1 54835U 98065A   24270.92715278 -.00022620  00000-0  13156-2 0  1000
2 54835  84.0000 144.0000 0300000 270.0000 319.7409 11.29093996815143
LUNAR-1196
1 46433U 98065A   24270.92715278 -.00022620  00000-0  13156-2 0  1001
2 46433  84.0000 144.0000 0300000 270.0000 335.3049 11.29093996290124
LUNAR-1197
1 59728U 98065A   24270.92715278 -.00022620  00000-0  13156-2 0  1007
2 59728  84.0000 144.0000 0300000 270.0000 350.7553 11.29093996436072
LUNAR-1198
1 34173U 98065A   24270.92715278 -.00022620  00000-0  13156-2 0  1000
2 34173  84.0000 162.0000 0300000 270.0000   6.9327 11.29093996383057
LUNAR-1199
1 41131U 98065A   24270.92715278 -.00022620  00000-0  13156-2 0  1008
2 41131  84.0000 162.0000 0300000 270.0000  22.3720 11.29093996471451
LUNAR-1200
1 62807U 98065A   24270.92715278 -.00022620  00000-0  13156-2 0  1004
2 62807  84.0000 162.0000 0300000 270.0000  37.9147 11.29093996106535
LUNAR-1201
1 31566U 98065A   24270.92715278 -.00022620  00000-0  13156-2 0  1007
2 31566  84.0000 162.0000 0300000 270.0000  53.6249 11.29093996359694
LUNAR-1202
1 13646U 98065A   24270.92715278 -.00022620  00000-0  13156-2 0  1001
2 13646  84.0000 162.0000 0300000 270.0000  69.5560 11.29093996814147
LUNAR-1203
1 66989U 98065A   24270.92715278 -.00022620  00000-0  13156-2 0  1008
2 66989  84.0000 162.0000 0300000 270.0000  85.7460 11.29093996502736
LUNAR-1204
1 71787U 98065A   24270.92715278 -.00022620  00000-0  13156-2 0  1007
2 71787  84.0000 162.0000 0300000 270.0000 102.2139 11.29093996531311
LUNAR-1205
1 35764U 98065A   24270.92715278 -.00022620  00000-0  13156-2 0  1004
2 35764  84.0000 162.0000 0300000 270.0000 118.9561 11.29093996976994
LUNAR-1206
1 13100U 98065A   24270.92715278 -.00022620  00000-0  13156-2 0  1007
2 13100  84.0000 162.0000 0300000 270.0000 135.9458 11.29093996611075
LUNAR-1207
1 14319U 98065A   24270.92715278 -.00022620  00000-0  13156-2 0  1001
2 14319  84.0000 162.0000 0300000 270.0000 153.1333 11.29093996875002
LUNAR-1208
1 38840U 98065A   24270.92715278 -.00022620  00000-0  13156-2 0  1007
2 38840  84.0000 162.0000 0300000 270.0000 170.4500 11.29093996653420
LUNAR-1209
1 85931U 98065A   24270.92715278 -.00022620  00000-0  13156-2 0  1003
2 85931  84.0000 162.0000 0300000 270.0000 187.8143 11.29093996659482
LUNAR-1210
1 49795U 98065A   24270.92715278 -.00022620  00000-0  13156-2 0  1003
2 49795  84.0000 162.0000 0300000 270.0000 205.1396 11.29093996627806
LUNAR-1211
1 21868U 98065A   24270.92715278 -.00022620  00000-0  13156-2 0  1002
2 21868  84.0000 162.0000 0300000 270.0000 222.3434 11.29093996397435
LUNAR-1212
1 31394U 98065A   24270.92715278 -.00022620  00000-0  13156-2 0  1008
2 31394  84.0000 162.0000 0300000 270.0000 239.3554 11.29093996331654
LUNAR-1213
1 86514U 98065A   24270.92715278 -.00022620  00000-0  13156-2 0  1006
2 86514  84.0000 162.0000 0300000 270.0000 256.1240 11.29093996380881
LUNAR-1214
1 67060U 98065A   24270.92715278 -.00022620  00000-0  13156-2 0  1000
2 67060  84.0000 162.0000 0300000 270.0000 272.6198 11.29093996740851
LUNAR-1215
1 21356U 98065A   24270.92715278 -.00022620  00000-0  13156-2 0  1006
2 21356  84.0000 162.0000 0300000 270.0000 288.8371 11.29093996385436
LUNAR-1216
1 46734U 98065A   24270.92715278 -.00022620  00000-0  13156-2 0  1003
2 46734  84.0000 162.0000 0300000 270.0000 304.7927 11.29093996612037
LUNAR-1217
1 96119U 98065A   24270.92715278 -.00022620  00000-0  13156-2 0  1003
2 96119  84.0000 162.0000 0300000 270.0000 320.5228 11.29093996880674
LUNAR-1218
1 24357U 98065A   24270.92715278 -.00022620  00000-0  13156-2 0  1000
2 24357  84.0000 162.0000 0300000 270.0000 336.0795 11.29093996455682
LUNAR-1219
1 30294U 98065A   24270.92715278 -.00022620  00000-0  13156-2 0  1006
2 30294  84.0000 162.0000 0300000 270.0000 351.5261 11.29093996495110
LUNAR-1220
1 88893U 98065A   24270.92715278 -.00022620  00000-0  13156-2 0  1005
2 88893  84.0000 180.0000 0300000 270.0000   7.7033 11.29093996169447
LUNAR-1221
1 82921U 98065A   24270.92715278 -.00022620  00000-0  13156-2 0  1002
2 82921  84.0000 180.0000 0300000 270.0000  23.1461 11.29093996725858
LUNAR-1222
1 85141U 98065A   24270.92715278 -.00022620  00000-0  13156-2 0  1004
2 85141  84.0000 180.0000 0300000 270.0000  38.6957 11.29093996310615
LUNAR-1223
1 77630U 98065A   24270.92715278 -.00022620  00000-0  13156-2 0  1001
2 77630  84.0000 180.0000 0300000 270.0000  54.4158 11.29093996938586
LUNAR-1224
1 35757U 98065A   24270.92715278 -.00022620  00000-0  13156-2 0  1003
2 35757  84.0000 180.0000 0300000 270.0000  70.3591 11.29093996684732
LUNAR-1225
1 46565U 98065A   24270.92715278 -.00022620  00000-0  13156-2 0  1001
2 46565  84.0000 180.0000 0300000 270.0000  86.5628 11.29093996331838
LUNAR-1226
1 34962U 98065A   24270.92715278 -.00022620  00000-0  13156-2 0  1007
2 34962  84.0000 180.0000 0300000 270.0000 103.0446 11.29093996632880
LUNAR-1227
1 17761U 98065A   24270.92715278 -.00022620  00000-0  13156-2 0  1008
2 17761  84.0000 180.0000 0300000 270.0000 119.8000 11.29093996242984
LUNAR-1228
1 82210U 98065A   24270.92715278 -.00022620  00000-0  13156-2 0  1002
2 82210  84.0000 180.0000 0300000 270.0000 136.8009 11.29093996902767
LUNAR-1229
1 91023U 98065A   24270.92715278 -.00022620  00000-0  13156-2 0  1003
2 91023  84.0000 180.0000 0300000 270.0000 153.9967 11.29093996954117
LUNAR-1230
1 71376U 98065A   24270.92715278 -.00022620  00000-0  13156-2 0  1003
2 71376  84.0000 180.0000 0300000 270.0000 171.3178 11.29093996545565
LUNAR-1231
1 44034U 98065A   24270.92715278 -.00022620  00000-0  13156-2 0  1001
2 44034  84.0000 180.0000 0300000 270.0000 188.6822 11.29093996654402
LUNAR-1232
1 28454U 98065A   24270.92715278 -.00022620  00000-0  13156-2 0  1008
2 28454  84.0000 180.0000 0300000 270.0000 206.0033 11.29093996851212
LUNAR-1233
1 96867U 98065A   24270.92715278 -.00022620  00000-0  13156-2 0  1004
2 96867  84.0000 180.0000 0300000 270.0000 223.1991 11.29093996299127
LUNAR-1234
1 73234U 98065A   24270.92715278 -.00022620  00000-0  13156-2 0  1007
2 73234  84.0000 180.0000 0300000 270.0000 240.2000 11.29093996728348
LUNAR-1235
1 78422U 98065A   24270.92715278 -.00022620  00000-0  13156-2 0  1002
2 78422  84.0000 180.0000 0300000 270.0000 256.9554 11.29093996231360
LUNAR-1236
1 99112U 98065A   24270.92715278 -.00022620  00000-0  13156-2 0  1001
2 99112  84.0000 180.0000 0300000 270.0000 273.4372 11.29093996295640
LUNAR-1237
1 74181U 98065A   24270.92715278 -.00022620  00000-0  13156-2 0  1000
2 74181  84.0000 180.0000 0300000 270.0000 289.6409 11.29093996467754
LUNAR-1238
1 42267U 98065A   24270.92715278 -.00022620  00000-0  13156-2 0  1005
2 42267  84.0000 180.0000 0300000 270.0000 305.5842 11.29093996309007
LUNAR-1239
1 65230U 98065A   24270.92715278 -.00022620  00000-0  13156-2 0  1008
2 65230  84.0000 180.0000 0300000 270.0000 321.3043 11.29093996930845
LUNAR-1240
1 27626U 98065A   24270.92715278 -.00022620  00000-0  13156-2 0  1001
2 27626  84.0000 180.0000 0300000 270.0000 336.8539 11.29093996326226
LUNAR-1241
1 78424U 98065A   24270.92715278 -.00022620  00000-0  13156-2 0  1003
2 78424  84.0000 180.0000 0300000 270.0000 352.2967 11.29093996949531
LUNAR-1242
1 46457U 98065A   24270.92715278 -.00022620  00000-0  13156-2 0  1002
2 46457  84.0000 198.0000 0300000 270.0000   8.4739 11.29093996986697
LUNAR-1243
1 65412U 98065A   24270.92715278 -.00022620  00000-0  13156-2 0  1001
2 65412  84.0000 198.0000 0300000 270.0000  23.9205 11.29093996266120
LUNAR-1244
1 20757U 98065A   24270.92715278 -.00022620  00000-0  13156-2 0  1007
2 20757  84.0000 198.0000 0300000 270.0000  39.4772 11.29093996938323
LUNAR-1245
1 89955U 98065A   24270.92715278 -.00022620  00000-0  13156-2 0  1004
2 89955  84.0000 198.0000 0300000 270.0000  55.2073 11.29093996976094
LUNAR-1246
1 59111U 98065A   24270.92715278 -.00022620  00000-0  13156-2 0  1002
2 59111  84.0000 198.0000 0300000 270.0000  71.1629 11.29093996724261
LUNAR-1247
1 95261U 98065A   24270.92715278 -.00022620  00000-0  13156-2 0  1008
2 95261  84.0000 198.0000 0300000 270.0000  87.3802 11.29093996450315
LUNAR-1248
1 80925U 98065A   24270.92715278 -.00022620  00000-0  13156-2 0  1001
2 80925  84.0000 198.0000 0300000 270.0000 103.8760 11.29093996679962
LUNAR-1249
1 50959U 98065A   24270.92715278 -.00022620  00000-0  13156-2 0  1003
2 50959  84.0000 198.0000 0300000 270.0000 120.6446 11.29093996638027
LUNAR-1250
1 60108U 98065A   24270.92715278 -.00022620  00000-0  13156-2 0  1007
2 60108  84.0000 198.0000 0300000 270.0000 137.6566 11.29093996536106
LUNAR-1251
1 55297U 98065A   24270.92715278 -.00022620  00000-0  13156-2 0  1002
2 55297  84.0000 198.0000 0300000 270.0000 154.8604 11.29093996999464
LUNAR-1252
1 23830U 98065A   24270.92715278 -.00022620  00000-0  13156-2 0  1006
2 23830  84.0000 198.0000 0300000 270.0000 172.1857 11.29093996322864
LUNAR-1253
1 51327U 98065A   24270.92715278 -.00022620  00000-0  13156-2 0  1002
2 51327  84.0000 198.0000 0300000 270.0000 189.5500 11.29093996939076
LUNAR-1254
1 92484U 98065A   24270.92715278 -.00022620  00000-0  13156-2 0  1007
2 92484  84.0000 198.0000 0300000 270.0000 206.8667 11.29093996851497
LUNAR-1255
1 54662U 98065A   24270.92715278 -.00022620  00000-0  13156-2 0  1005
2 54662  84.0000 198.0000 0300000 270.0000 224.0542 11.29093996858338
LUNAR-1256
1 37320U 98065A   24270.92715278 -.00022620  00000-0  13156-2 0  1005
2 37320  84.0000 198.0000 0300000 270.0000 241.0439 11.29093996861257
LUNAR-1257
1 88586U 98065A   24270.92715278 -.00022620  00000-0  13156-2 0  1001
2 88586  84.0000 198.0000 0300000 270.0000 257.7861 11.29093996499011
LUNAR-1258
1 19579U 98065A   24270.92715278 -.00022620  00000-0  13156-2 0  1005
2 19579  84.0000 198.0000 0300000 270.0000 274.2540 11.29093996196685
LUNAR-1259
1 49743U 98065A   24270.92715278 -.00022620  00000-0  13156-2 0  1005
2 49743  84.0000 198.0000 0300000 270.0000 290.4440 11.29093996234751
LUNAR-1260
1 21022U 98065A   24270.92715278 -.00022620  00000-0  13156-2 0  1000
2 21022  84.0000 198.0000 0300000 270.0000 306.3751 11.29093996540524
LUNAR-1261
1 40716U 98065A   24270.92715278 -.00022620  00000-0  13156-2 0  1004
2 40716  84.0000 198.0000 0300000 270.0000 322.0853 11.29093996701324
LUNAR-1262
1 95239U 98065A   24270.92715278 -.00022620  00000-0  13156-2 0  1006
2 95239  84.0000 198.0000 0300000 270.0000 337.6280 11.29093996366994
LUNAR-1263
1 90584U 98065A   24270.92715278 -.00022620  00000-0  13156-2 0  1005
2 90584  84.0000 198.0000 0300000 270.0000 353.0673 11.29093996371165
LUNAR-1264
1 51322U 98065A   24270.92715278 -.00022620  00000-0  13156-2 0  1002
2 51322  84.0000 216.0000 0300000 270.0000   9.2447 11.29093996820842
LUNAR-1265
1 96068U 98065A   24270.92715278 -.00022620  00000-0  13156-2 0  1008
2 96068  84.0000 216.0000 0300000 270.0000  24.6951 11.29093996611720
LUNAR-1266
1 69234U 98065A   24270.92715278 -.00022620  00000-0  13156-2 0  1006
2 69234  84.0000 216.0000 0300000 270.0000  40.2591 11.29093996137478
LUNAR-1267
1 29053U 98065A   24270.92715278 -.00022620  00000-0  13156-2 0  1001
2 29053  84.0000 216.0000 0300000 270.0000  55.9994 11.29093996729198
LUNAR-1268
1 63105U 98065A   24270.92715278 -.00022620  00000-0  13156-2 0  1000
2 63105  84.0000 216.0000 0300000 270.0000  71.9673 11.29093996647914
LUNAR-1269
1 79528U 98065A   24270.92715278 -.00022620  00000-0  13156-2 0  1001
2 79528  84.0000 216.0000 0300000 270.0000  88.1983 11.29093996451276
LUNAR-1270
1 94657U 98065A   24270.92715278 -.00022620  00000-0  13156-2 0  1005
2 94657  84.0000 216.0000 0300000 270.0000 104.7081 11.29093996701101
LUNAR-1271
1 60729U 98065A   24270.92715278 -.00022620  00000-0  13156-2 0  1008
2 60729  84.0000 216.0000 0300000 270.0000 121.4897 11.29093996733408
LUNAR-1272
1 54073U 98065A   24270.92715278 -.00022620  00000-0  13156-2 0  1004
2 54073  84.0000 216.0000 0300000 270.0000 138.5128 11.29093996278443
LUNAR-1273
1 83863U 98065A   24270.92715278 -.00022620  00000-0  13156-2 0  1001
2 83863  84.0000 216.0000 0300000 270.0000 155.7245 11.29093996401423
LUNAR-1274
1 73172U 98065A   24270.92715278 -.00022620  00000-0  13156-2 0  1002
2 73172  84.0000 216.0000 0300000 270.0000 173.0537 11.29093996321890
LUNAR-1275
1 38240U 98065A   24270.92715278 -.00022620  00000-0  13156-2 0  1001
2 38240  84.0000 216.0000 0300000 270.0000 190.4177 11.29093996191998
LUNAR-1276
1 51717U 98065A   24270.92715278 -.00022620  00000-0  13156-2 0  1001
2 51717  84.0000 216.0000 0300000 270.0000 207.7298 11.29093996512557
LUNAR-1277
1 65550U 98065A   24270.92715278 -.00022620  00000-0  13156-2 0  1002
2 65550  84.0000 216.0000 0300000 270.0000 224.9089 11.29093996308420
LUNAR-1278
1 17892U 98065A   24270.92715278 -.00022620  00000-0  13156-2 0  1002
2 17892  84.0000 216.0000 0300000 270.0000 241.8872 11.29093996342360
LUNAR-1279
1 53621U 98065A   24270.92715278 -.00022620  00000-0  13156-2 0  1002
2 53621  84.0000 216.0000 0300000 270.0000 258.6162 11.29093996708454
LUNAR-1280
1 31480U 98065A   24270.92715278 -.00022620  00000-0  13156-2 0  1001
2 31480  84.0000 216.0000 0300000 270.0000 275.0700 11.29093996207478
LUNAR-1281
1 99015U 98065A   24270.92715278 -.00022620  00000-0  13156-2 0  1004
2 99015  84.0000 216.0000 0300000 270.0000 291.2465 11.29093996919788
LUNAR-1282
1 89852U 98065A   24270.92715278 -.00022620  00000-0  13156-2 0  1000
2 89852  84.0000 216.0000 0300000 270.0000 307.1655 11.29093996389041
LUNAR-1283
1 97443U 98065A   24270.92715278 -.00022620  00000-0  13156-2 0  1006
2 97443  84.0000 216.0000 0300000 270.0000 322.8660 11.29093996986530
LUNAR-1284
1 73627U 98065A   24270.92715278 -.00022620  00000-0  13156-2 0  1006
2 73627  84.0000 216.0000 0300000 270.0000 338.4019 11.29093996343048
LUNAR-1285
1 48218U 98065A   24270.92715278 -.00022620  00000-0  13156-2 0  1004
2 48218  84.0000 216.0000 0300000 270.0000 353.8378 11.29093996144620
LUNAR-1286
1 17095U 98065A   24270.92715278 -.00022620  00000-0  13156-2 0  1002
2 17095  84.0000 234.0000 0300000 270.0000  10.0156 11.29093996455078
LUNAR-1287
1 69874U 98065A   24270.92715278 -.00022620  00000-0  13156-2 0  1001
2 69874  84.0000 234.0000 0300000 270.0000  25.4701 11.29093996231461
LUNAR-1288
1 26007U 98065A   24270.92715278 -.00022620  00000-0  13156-2 0  1001
2 26007  84.0000 234.0000 0300000 270.0000  41.0414 11.29093996592584
LUNAR-1289
1 58966U 98065A   24270.92715278 -.00022620  00000-0  13156-2 0  1006
2 58966  84.0000 234.0000 0300000 270.0000  56.7920 11.29093996803061
LUNAR-1290
1 94738U 98065A   24270.92715278 -.00022620  00000-0  13156-2 0  1002
2 94738  84.0000 234.0000 0300000 270.0000  72.7724 11.29093996744837
LUNAR-1291
1 20383U 98065A   24270.92715278 -.00022620  00000-0  13156-2 0  1004
2 20383  84.0000 234.0000 0300000 270.0000  89.0172 11.29093996432815
LUNAR-1292
1 69025U 98065A   24270.92715278 -.00022620  00000-0  13156-2 0  1002
2 69025  84.0000 234.0000 0300000 270.0000 105.5409 11.29093996772090
LUNAR-1293
1 31105U 98065A   24270.92715278 -.00022620  00000-0  13156-2 0  1001
2 31105  84.0000 234.0000 0300000 270.0000 122.3355 11.29093996772673
LUNAR-1294
1 85107U 98065A   24270.92715278 -.00022620  00000-0  13156-2 0  1004
2 85107  84.0000 234.0000 0300000 270.0000 139.3694 11.29093996286260
LUNAR-1295
1 93148U 98065A   24270.92715278 -.00022620  00000-0  13156-2 0  1004
2 93148  84.0000 234.0000 0300000 270.0000 156.5888 11.29093996543064
LUNAR-1296
1 68712U 98065A   24270.92715278 -.00022620  00000-0  13156-2 0  1008
2 68712  84.0000 234.0000 0300000 270.0000 173.9218 11.29093996915984
LUNAR-1297
1 27317U 98065A   24270.92715278 -.00022620  00000-0  13156-2 0  1001
2 27317  84.0000 234.0000 0300000 270.0000 191.2852 11.29093996910381
LUNAR-1298
1 12759U 98065A   24270.92715278 -.00022620  00000-0  13156-2 0  1001
2 12759  84.0000 234.0000 0300000 270.0000 208.5925 11.29093996363441
LUNAR-1299
1 75061U 98065A   24270.92715278 -.00022620  00000-0  13156-2 0  1008
2 75061  84.0000 234.0000 0300000 270.0000 225.7631 11.29093996717131
LUNAR-1300
1 60728U 98065A   24270.92715278 -.00022620  00000-0  13156-2 0  1007
2 60728  84.0000 234.0000 0300000 270.0000 242.7299 11.29093996816053
LUNAR-1301
1 30022U 98065A   24270.92715278 -.00022620  00000-0  13156-2 0  1000
2 30022  84.0000 234.0000 0300000 270.0000 259.4455 11.29093996742697
LUNAR-1302
1 91177U 98065A   24270.92715278 -.00022620  00000-0  13156-2 0  1008
2 91177  84.0000 234.0000 0300000 270.0000 275.8853 11.29093996965221
LUNAR-1303
1 97581U 98065A   24270.92715278 -.00022620  00000-0  13156-2 0  1005
2 97581  84.0000 234.0000 0300000 270.0000 292.0483 11.29093996952397
LUNAR-1304
1 78758U 98065A   24270.92715278 -.00022620  00000-0  13156-2 0  1001
2 78758  84.0000 234.0000 0300000 270.0000 307.9553 11.29093996985280
LUNAR-1305
1 44596U 98065A   24270.92715278 -.00022620  00000-0  13156-2 0  1002
2 44596  84.0000 234.0000 0300000 270.0000 323.6462 11.29093996832491
LUNAR-1306
1 14611U 98065A   24270.92715278 -.00022620  00000-0  13156-2 0  1004
2 14611  84.0000 234.0000 0300000 270.0000 339.1755 11.29093996168531
LUNAR-1307
1 16956U 98065A   24270.92715278 -.00022620  00000-0  13156-2 0  1005
2 16956  84.0000 234.0000 0300000 270.0000 354.6083 11.29093996208310
LUNAR-1308
1 64438U 98065A   24270.92715278 -.00022620  00000-0  13156-2 0  1003
2 64438  84.0000 252.0000 0300000 270.0000  10.7866 11.29093996789692
LUNAR-1309
1 78536U 98065A   24270.92715278 -.00022620  00000-0  13156-2 0  1002
2 78536  84.0000 252.0000 0300000 270.0000  26.2453 11.29093996148787
LUNAR-1310
1 73532U 98065A   24270.92715278 -.00022620  00000-0  13156-2 0  1004
2 73532  84.0000 252.0000 0300000 270.0000  41.8242 11.29093996549280
LUNAR-1311
1 11948U 98065A   24270.92715278 -.00022620  00000-0  13156-2 0  1006
2 11948  84.0000 252.0000 0300000 270.0000  57.5852 11.29093996442124
LUNAR-1312
1 10878U 98065A   24270.92715278 -.00022620  00000-0  13156-2 0  1001
2 10878  84.0000 252.0000 0300000 270.0000  73.5781 11.29093996966991
LUNAR-1313
1 20898U 98065A   24270.92715278 -.00022620  00000-0  13156-2 0  1002
2 20898  84.0000 252.0000 0300000 270.0000  89.8367 11.29093996353482
LUNAR-1314
1 54613U 98065A   24270.92715278 -.00022620  00000-0  13156-2 0  1008
2 54613  84.0000 252.0000 0300000 270.0000 106.3743 11.29093996864243
LUNAR-1315
1 46686U 98065A   24270.92715278 -.00022620  00000-0  13156-2 0  1005
2 46686  84.0000 252.0000 0300000 270.0000 123.1819 11.29093996415397
LUNAR-1316
1 32484U 98065A   24270.92715278 -.00022620  00000-0  13156-2 0  1002
2 32484  84.0000 252.0000 0300000 270.0000 140.2265 11.29093996463847
LUNAR-1317
1 64258U 98065A   24270.92715278 -.00022620  00000-0  13156-2 0  1003
2 64258  84.0000 252.0000 0300000 270.0000 157.4534 11.29093996148430
LUNAR-1318
1 63105U 98065A   24270.92715278 -.00022620  00000-0  13156-2 0  1003
2 63105  84.0000 252.0000 0300000 270.0000 174.7900 11.29093996762522
LUNAR-1319
1 71217U 98065A   24270.92715278 -.00022620  00000-0  13156-2 0  1003
2 71217  84.0000 252.0000 0300000 270.0000 192.1526 11.29093996444341
LUNAR-1320
1 87237U 98065A   24270.92715278 -.00022620  00000-0  13156-2 0  1003
2 87237  84.0000 252.0000 0300000 270.0000 209.4549 11.29093996568890
LUNAR-1321
1 51519U 98065A   24270.92715278 -.00022620  00000-0  13156-2 0  1001
2 51519  84.0000 252.0000 0300000 270.0000 226.6168 11.29093996247192
LUNAR-1322
1 35239U 98065A   24270.92715278 -.00022620  00000-0  13156-2 0  1006
2 35239  84.0000 252.0000 0300000 270.0000 243.5720 11.29093996556922
LUNAR-1323
1 16479U 98065A   24270.92715278 -.00022620  00000-0  13156-2 0  1008
2 16479  84.0000 252.0000 0300000 270.0000 260.2742 11.29093996959805
LUNAR-1324
1 59233U 98065A   24270.92715278 -.00022620  00000-0  13156-2 0  1003
2 59233  84.0000 252.0000 0300000 270.0000 276.7000 11.29093996566453
LUNAR-1325
1 77528U 98065A   24270.92715278 -.00022620  00000-0  13156-2 0  1003
2 77528  84.0000 252.0000 0300000 270.0000 292.8494 11.29093996171892
LUNAR-1326
1 78558U 98065A   24270.92715278 -.00022620  00000-0  13156-2 0  1006
2 78558  84.0000 252.0000 0300000 270.0000 308.7446 11.29093996429477
LUNAR-1327
1 15029U 98065A   24270.92715278 -.00022620  00000-0  13156-2 0  1004
2 15029  84.0000 252.0000 0300000 270.0000 324.4260 11.29093996129190
LUNAR-1328
1 93454U 98065A   24270.92715278 -.00022620  00000-0  13156-2 0  1005
2 93454  84.0000 252.0000 0300000 270.0000 339.9488 11.29093996775078
LUNAR-1329
1 68545U 98065A   24270.92715278 -.00022620  00000-0  13156-2 0  1000
2 68545  84.0000 252.0000 0300000 270.0000 355.3786 11.29093996655526
LUNAR-1330
1 11796U 98065A   24270.92715278 -.00022620  00000-0  13156-2 0  1002
2 11796  84.0000 270.0000 0300000 270.0000  11.5577 11.29093996428988
LUNAR-1331
1 87770U 98065A   24270.92715278 -.00022620  00000-0  13156-2 0  1007
2 87770  84.0000 270.0000 0300000 270.0000  27.0209 11.29093996835147
LUNAR-1332
1 59964U 98065A   24270.92715278 -.00022620  00000-0  13156-2 0  1004
2 59964  84.0000 270.0000 0300000 270.0000  42.6075 11.29093996832932
LUNAR-1333
1 51908U 98065A   24270.92715278 -.00022620  00000-0  13156-2 0  1008
2 51908  84.0000 270.0000 0300000 270.0000  58.3790 11.29093996739601
LUNAR-1334
1 52588U 98065A   24270.92715278 -.00022620  00000-0  13156-2 0  1005
2 52588  84.0000 270.0000 0300000 270.0000  74.3846 11.29093996192425
LUNAR-1335
1 19444U 98065A   24270.92715278 -.00022620  00000-0  13156-2 0  1005
2 19444  84.0000 270.0000 0300000 270.0000  90.6569 11.29093996457234
LUNAR-1336
1 90065U 98065A   24270.92715278 -.00022620  00000-0  13156-2 0  1004
2 90065  84.0000 270.0000 0300000 270.0000 107.2085 11.29093996875950
LUNAR-1337
1 73436U 98065A   24270.92715278 -.00022620  00000-0  13156-2 0  1008
2 73436  84.0000 270.0000 0300000 270.0000 124.0288 11.29093996883108
LUNAR-1338
1 28352U 98065A   24270.92715278 -.00022620  00000-0  13156-2 0  1002
2 28352  84.0000 270.0000 0300000 270.0000 141.0841 11.29093996158778
LUNAR-1339
1 29121U 98065A   24270.92715278 -.00022620  00000-0  13156-2 0  1001
2 29121  84.0000 270.0000 0300000 270.0000 158.3183 11.29093996352475
LUNAR-1340
1 17190U 98065A   24270.92715278 -.00022620  00000-0  13156-2 0  1007
2 17190  84.0000 270.0000 0300000 270.0000 175.6582 11.29093996250022
LUNAR-1341
1 13280U 98065A   24270.92715278 -.00022620  00000-0  13156-2 0  1002
2 13280  84.0000 270.0000 0300000 270.0000 193.0199 11.29093996606961
LUNAR-1342
1 18467U 98065A   24270.92715278 -.00022620  00000-0  13156-2 0  1006
2 18467  84.0000 270.0000 0300000 270.0000 210.3170 11.29093996788782
LUNAR-1343
1 41540U 98065A   24270.92715278 -.00022620  00000-0  13156-2 0  1001
2 41540  84.0000 270.0000 0300000 270.0000 227.4699 11.29093996702352
LUNAR-1344
1 71322U 98065A   24270.92715278 -.00022620  00000-0  13156-2 0  1002
2 71322  84.0000 270.0000 0300000 270.0000 244.4134 11.29093996377602
LUNAR-1345
1 41628U 98065A   24270.92715278 -.00022620  00000-0  13156-2 0  1004
2 41628  84.0000 270.0000 0300000 270.0000 261.1021 11.29093996119947
LUNAR-1346
1 93725U 98065A   24270.92715278 -.00022620  00000-0  13156-2 0  1005
2 93725  84.0000 270.0000 0300000 270.0000 277.5139 11.29093996201597
LUNAR-1347
1 18862U 98065A   24270.92715278 -.00022620  00000-0  13156-2 0  1002
2 18862  84.0000 270.0000 0300000 270.0000 293.6500 11.29093996936427
LUNAR-1348
1 82624U 98065A   24270.92715278 -.00022620  00000-0  13156-2 0  1003
2 82624  84.0000 270.0000 0300000 270.0000 309.5333 11.29093996805087
LUNAR-1349
1 95010U 98065A   24270.92715278 -.00022620  00000-0  13156-2 0  1003
2 95010  84.0000 270.0000 0300000 270.0000 325.2053 11.29093996562660
LUNAR-1350
1 92944U 98065A   24270.92715278 -.00022620  00000-0  13156-2 0  1005
2 92944  84.0000 270.0000 0300000 270.0000 340.7219 11.29093996295417
LUNAR-1351
1 37834U 98065A   24270.92715278 -.00022620  00000-0  13156-2 0  1006
2 37834  84.0000 270.0000 0300000 270.0000 356.1489 11.29093996230233
LUNAR-1352
1 69003U 98065A   24270.92715278 -.00022620  00000-0  13156-2 0  1004
2 69003  84.0000 288.0000 0300000 270.0000  12.3290 11.29093996535320
LUNAR-1353
1 73442U 98065A   24270.92715278 -.00022620  00000-0  13156-2 0  1005
2 73442  84.0000 288.0000 0300000 270.0000  27.7967 11.29093996474230
LUNAR-1354
1 68570U 98065A   24270.92715278 -.00022620  00000-0  13156-2 0  1001
2 68570  84.0000 288.0000 0300000 270.0000  43.3912 11.29093996625865
LUNAR-1355
1 42817U 98065A   24270.92715278 -.00022620  00000-0  13156-2 0  1000
2 42817  84.0000 288.0000 0300000 270.0000  59.1733 11.29093996238504
LUNAR-1356
1 46615U 98065A   24270.92715278 -.00022620  00000-0  13156-2 0  1004
2 46615  84.0000 288.0000 0300000 270.0000  75.1917 11.29093996969205
LUNAR-1357
1 60497U 98065A   24270.92715278 -.00022620  00000-0  13156-2 0  1006
2 60497  84.0000 288.0000 0300000 270.0000  91.4779 11.29093996738697
LUNAR-1358
1 78285U 98065A   24270.92715278 -.00022620  00000-0  13156-2 0  1002
2 78285  84.0000 288.0000 0300000 270.0000 108.0433 11.29093996539522
LUNAR-1359
1 49802U 98065A   24270.92715278 -.00022620  00000-0  13156-2 0  1002
2 49802  84.0000 288.0000 0300000 270.0000 124.8764 11.29093996846857
LUNAR-1360
1 25327U 98065A   24270.92715278 -.00022620  00000-0  13156-2 0  1006
2 25327  84.0000 288.0000 0300000 270.0000 141.9421 11.29093996362990
LUNAR-1361
1 21213U 98065A   24270.92715278 -.00022620  00000-0  13156-2 0  1004
2 21213  84.0000 288.0000 0300000 270.0000 159.1834 11.29093996778154
LUNAR-1362
1 89971U 98065A   24270.92715278 -.00022620  00000-0  13156-2 0  1005
2 89971  84.0000 288.0000 0300000 270.0000 176.5265 11.29093996562454
LUNAR-1363
1 15314U 98065A   24270.92715278 -.00022620  00000-0  13156-2 0  1002
2 15314  84.0000 288.0000 0300000 270.0000 193.8869 11.29093996440337
LUNAR-1364
1 21334U 98065A   24270.92715278 -.00022620  00000-0  13156-2 0  1006
2 21334  84.0000 288.0000 0300000 270.0000 211.1786 11.29093996797154
LUNAR-1365
1 26981U 98065A   24270.92715278 -.00022620  00000-0  13156-2 0  1005
2 26981  84.0000 288.0000 0300000 270.0000 228.3225 11.29093996695430
LUNAR-1366
1 90739U 98065A   24270.92715278 -.00022620  00000-0  13156-2 0  1007
2 90739  84.0000 288.0000 0300000 270.0000 245.2541 11.29093996969234
LUNAR-1367
1 90091U 98065A   24270.92715278 -.00022620  00000-0  13156-2 0  1005
2 90091  84.0000 288.0000 0300000 270.0000 261.9294 11.29093996174923
LUNAR-1368
1 99909U 98065A   24270.92715278 -.00022620  00000-0  13156-2 0  1008
2 99909  84.0000 288.0000 0300000 270.0000 278.3271 11.29093996223398
LUNAR-1369
1 15053U 98065A   24270.92715278 -.00022620  00000-0  13156-2 0  1005
2 15053  84.0000 288.0000 0300000 270.0000 294.4499 11.29093996901003
LUNAR-1370
1 80621U 98065A   24270.92715278 -.00022620  00000-0  13156-2 0  1002
2 80621  84.0000 288.0000 0300000 270.0000 310.3215 11.29093996361304
LUNAR-1371
1 97655U 98065A   24270.92715278 -.00022620  00000-0  13156-2 0  1006
2 97655  84.0000 288.0000 0300000 270.0000 325.9844 11.29093996358501
LUNAR-1372
1 17758U 98065A   24270.92715278 -.00022620  00000-0  13156-2 0  1003
2 17758  84.0000 288.0000 0300000 270.0000 341.4948 11.29093996200261
LUNAR-1373
1 14500U 98065A   24270.92715278 -.00022620  00000-0  13156-2 0  1007
2 14500  84.0000 288.0000 0300000 270.0000 356.9192 11.29093996661624
LUNAR-1374
1 27741U 98065A   24270.92715278 -.00022620  00000-0  13156-2 0  1003
2 27741  84.0000 306.0000 0300000 270.0000  13.1004 11.29093996129175
LUNAR-1375
1 38977U 98065A   24270.92715278 -.00022620  00000-0  13156-2 0  1008
2 38977  84.0000 306.0000 0300000 270.0000  28.5729 11.29093996136788
LUNAR-1376
1 23446U 98065A   24270.92715278 -.00022620  00000-0  13156-2 0  1004
2 23446  84.0000 306.0000 0300000 270.0000  44.1754 11.29093996489254
LUNAR-1377
1 75240U 98065A   24270.92715278 -.00022620  00000-0  13156-2 0  1000
2 75240  84.0000 306.0000 0300000 270.0000  59.9683 11.29093996110352
LUNAR-1378
1 24011U 98065A   24270.92715278 -.00022620  00000-0  13156-2 0  1002
2 24011  84.0000 306.0000 0300000 270.0000  75.9994 11.29093996736502
LUNAR-1379
1 39368U 98065A   24270.92715278 -.00022620  00000-0  13156-2 0  1004
2 39368  84.0000 306.0000 0300000 270.0000  92.2995 11.29093996957411
LUNAR-1380
1 79135U 98065A   24270.92715278 -.00022620  00000-0  13156-2 0  1006
2 79135  84.0000 306.0000 0300000 270.0000 108.8788 11.29093996767867
LUNAR-1381
1 91124U 98065A   24270.92715278 -.00022620  00000-0  13156-2 0  1001
2 91124  84.0000 306.0000 0300000 270.0000 125.7245 11.29093996986854
LUNAR-1382
1 49138U 98065A   24270.92715278 -.00022620  00000-0  13156-2 0  1001
2 49138  84.0000 306.0000 0300000 270.0000 142.8005 11.29093996691034
LUNAR-1383
1 68326U 98065A   24270.92715278 -.00022620  00000-0  13156-2 0  1001
2 68326  84.0000 306.0000 0300000 270.0000 160.0489 11.29093996218065
LUNAR-1384
1 66246U 98065A   24270.92715278 -.00022620  00000-0  13156-2 0  1000
2 66246  84.0000 306.0000 0300000 270.0000 177.3948 11.29093996165188
LUNAR-1385
1 51866U 98065A   24270.92715278 -.00022620  00000-0  13156-2 0  1008
2 51866  84.0000 306.0000 0300000 270.0000 194.7539 11.29093996862472
LUNAR-1386
1 96587U 98065A   24270.92715278 -.00022620  00000-0  13156-2 0  1004
2 96587  84.0000 306.0000 0300000 270.0000 212.0400 11.29093996784427
LUNAR-1387
1 48007U 98065A   24270.92715278 -.00022620  00000-0  13156-2 0  1008
2 48007  84.0000 306.0000 0300000 270.0000 229.1746 11.29093996303562
LUNAR-1388
1 50041U 98065A   24270.92715278 -.00022620  00000-0  13156-2 0  1002
2 50041  84.0000 306.0000 0300000 270.0000 246.0943 11.29093996757063
LUNAR-1389
1 88653U 98065A   24270.92715278 -.00022620  00000-0  13156-2 0  1001
2 88653  84.0000 306.0000 0300000 270.0000 262.7559 11.29093996584665
LUNAR-1390
1 56393U 98065A   24270.92715278 -.00022620  00000-0  13156-2 0  1003
2 56393  84.0000 306.0000 0300000 270.0000 279.1397 11.29093996702108
LUNAR-1391
1 80726U 98065A   24270.92715278 -.00022620  00000-0  13156-2 0  1002
2 80726  84.0000 306.0000 0300000 270.0000 295.2491 11.29093996526421
LUNAR-1392
1 30358U 98065A   24270.92715278 -.00022620  00000-0  13156-2 0  1006
2 30358  84.0000 306.0000 0300000 270.0000 311.1092 11.29093996527830
LUNAR-1393
1 37563U 98065A   24270.92715278 -.00022620  00000-0  13156-2 0  1001
2 37563  84.0000 306.0000 0300000 270.0000 326.7630 11.29093996461195
LUNAR-1394
1 51172U 98065A   24270.92715278 -.00022620  00000-0  13156-2 0  1002
2 51172  84.0000 306.0000 0300000 270.0000 342.2675 11.29093996528584
LUNAR-1395
1 84784U 98065A   24270.92715278 -.00022620  00000-0  13156-2 0  1000
2 84784  84.0000 306.0000 0300000 270.0000 357.6894 11.29093996415704
LUNAR-1396
1 54566U 98065A   24270.92715278 -.00022620  00000-0  13156-2 0  1004
2 54566  84.0000 324.0000 0300000 270.0000  13.8720 11.29093996409507
LUNAR-1397
1 14487U 98065A   24270.92715278 -.00022620  00000-0  13156-2 0  1004
2 14487  84.0000 324.0000 0300000 270.0000  29.3494 11.29093996885844
LUNAR-1398
1 25133U 98065A   24270.92715278 -.00022620  00000-0  13156-2 0  1001
2 25133  84.0000 324.0000 0300000 270.0000  44.9600 11.29093996517240
LUNAR-1399
1 68596U 98065A   24270.92715278 -.00022620  00000-0  13156-2 0  1007
2 68596  84.0000 324.0000 0300000 270.0000  60.7639 11.29093996580225
LUNAR-1400
1 84297U 98065A   24270.92715278 -.00022620  00000-0  13156-2 0  1007
2 84297  84.0000 324.0000 0300000 270.0000  76.8079 11.29093996359648
LUNAR-1401
1 74365U 98065A   24270.92715278 -.00022620  00000-0  13156-2 0  1003
2 74365  84.0000 324.0000 0300000 270.0000  93.1218 11.29093996499916
LUNAR-1402
1 30671U 98065A   24270.92715278 -.00022620  00000-0  13156-2 0  1001
2 30671  84.0000 324.0000 0300000 270.0000 109.7150 11.29093996937452
LUNAR-1403
1 58816U 98065A   24270.92715278 -.00022620  00000-0  13156-2 0  1004
2 58816  84.0000 324.0000 0300000 270.0000 126.5733 11.29093996453956
LUNAR-1404
1 11328U 98065A   24270.92715278 -.00022620  00000-0  13156-2 0  1000
2 11328  84.0000 324.0000 0300000 270.0000 143.6594 11.29093996294163
LUNAR-1405
1 13797U 98065A   24270.92715278 -.00022620  00000-0  13156-2 0  1000
2 13797  84.0000 324.0000 0300000 270.0000 160.9145 11.29093996357781
LUNAR-1406
1 60838U 98065A   24270.92715278 -.00022620  00000-0  13156-2 0  1008
2 60838  84.0000 324.0000 0300000 270.0000 178.2632 11.29093996748226
LUNAR-1407
1 28493U 98065A   24270.92715278 -.00022620  00000-0  13156-2 0  1004
2 28493  84.0000 324.0000 0300000 270.0000 195.6206 11.29093996585477
LUNAR-1408
1 82126U 98065A   24270.92715278 -.00022620  00000-0  13156-2 0  1002
2 82126  84.0000 324.0000 0300000 270.0000 212.9009 11.29093996616033
LUNAR-1409
1 40721U 98065A   24270.92715278 -.00022620  00000-0  13156-2 0  1005
2 40721  84.0000 324.0000 0300000 270.0000 230.0261 11.29093996333018
LUNAR-1410
1 28920U 98065A   24270.92715278 -.00022620  00000-0  13156-2 0  1006
2 28920  84.0000 324.0000 0300000 270.0000 246.9337 11.29093996681085
LUNAR-1411
1 98674U 98065A   24270.92715278 -.00022620  00000-0  13156-2 0  1002
2 98674  84.0000 324.0000 0300000 270.0000 263.5818 11.29093996922987
LUNAR-1412
1 25873U 98065A   24270.92715278 -.00022620  00000-0  13156-2 0  1002
2 25873  84.0000 324.0000 0300000 270.0000 279.9515 11.29093996303545
LUNAR-1413
1 19707U 98065A   24270.92715278 -.00022620  00000-0  13156-2 0  1007
2 19707  84.0000 324.0000 0300000 270.0000 296.0478 11.29093996303108
LUNAR-1414
1 35871U 98065A   24270.92715278 -.00022620  00000-0  13156-2 0  1002
2 35871  84.0000 324.0000 0300000 270.0000 311.8964 11.29093996830186
LUNAR-1415
1 78958U 98065A   24270.92715278 -.00022620  00000-0  13156-2 0  1000
2 78958  84.0000 324.0000 0300000 270.0000 327.5412 11.29093996270438
LUNAR-1416
1 83184U 98065A   24270.92715278 -.00022620  00000-0  13156-2 0  1005
2 83184  84.0000 324.0000 0300000 270.0000 343.0400 11.29093996180481
LUNAR-1417
1 63319U 98065A   24270.92715278 -.00022620  00000-0  13156-2 0  1002
2 63319  84.0000 324.0000 0300000 270.0000 358.4596 11.29093996985836
LUNAR-1418
1 75320U 98065A   24270.92715278 -.00022620  00000-0  13156-2 0  1007
2 75320  84.0000 342.0000 0300000 270.0000  14.6437 11.29093996352734
LUNAR-1419
1 66669U 98065A   24270.92715278 -.00022620  00000-0  13156-2 0  1002
2 66669  84.0000 342.0000 0300000 270.0000  30.1262 11.29093996327467
LUNAR-1420
1 42174U 98065A   24270.92715278 -.00022620  00000-0  13156-2 0  1002
2 42174  84.0000 342.0000 0300000 270.0000  45.7452 11.29093996374445
LUNAR-1421
1 22960U 98065A   24270.92715278 -.00022620  00000-0  13156-2 0  1004
2 22960  84.0000 342.0000 0300000 270.0000  61.5601 11.29093996651536
LUNAR-1422
1 30724U 98065A   24270.92715278 -.00022620  00000-0  13156-2 0  1002
2 30724  84.0000 342.0000 0300000 270.0000  77.6170 11.29093996638411
LUNAR-1423
1 18882U 98065A   24270.92715278 -.00022620  00000-0  13156-2 0  1002
2 18882  84.0000 342.0000 0300000 270.0000  93.9449 11.29093996150182
LUNAR-1424
1 81282U 98065A   24270.92715278 -.00022620  00000-0  13156-2 0  1000
2 81282  84.0000 342.0000 0300000 270.0000 110.5518 11.29093996375465
LUNAR-1425
1 88002U 98065A   24270.92715278 -.00022620  00000-0  13156-2 0  1003
2 88002  84.0000 342.0000 0300000 270.0000 127.4226 11.29093996246480
LUNAR-1426
1 81876U 98065A   24270.92715278 -.00022620  00000-0  13156-2 0  1007
2 81876  84.0000 342.0000 0300000 270.0000 144.5187 11.29093996704760
LUNAR-1427
1 51659U 98065A   24270.92715278 -.00022620  00000-0  13156-2 0  1002
2 51659  84.0000 342.0000 0300000 270.0000 161.7804 11.29093996172428
LUNAR-1428
1 89792U 98065A   24270.92715278 -.00022620  00000-0  13156-2 0  1006
2 89792  84.0000 342.0000 0300000 270.0000 179.1316 11.29093996978520
LUNAR-1429
1 63148U 98065A   24270.92715278 -.00022620  00000-0  13156-2 0  1002
2 63148  84.0000 342.0000 0300000 270.0000 196.4871 11.29093996176218
LUNAR-1430
1 38962U 98065A   24270.92715278 -.00022620  00000-0  13156-2 0  1001
2 38962  84.0000 342.0000 0300000 270.0000 213.7614 11.29093996698697
LUNAR-1431
1 92317U 98065A   24270.92715278 -.00022620  00000-0  13156-2 0  1007
2 92317  84.0000 342.0000 0300000 270.0000 230.8771 11.29093996614923
LUNAR-1432
1 95980U 98065A   24270.92715278 -.00022620  00000-0  13156-2 0  1005
2 95980  84.0000 342.0000 0300000 270.0000 247.7725 11.29093996125281
LUNAR-1433
1 45495U 98065A   24270.92715278 -.00022620  00000-0  13156-2 0  1006
2 45495  84.0000 342.0000 0300000 270.0000 264.4069 11.29093996158067
LUNAR-1434
1 39789U 98065A   24270.92715278 -.00022620  00000-0  13156-2 0  1000
2 39789  84.0000 342.0000 0300000 270.0000 280.7627 11.29093996493843
LUNAR-1435
1 95985U 98065A   24270.92715278 -.00022620  00000-0  13156-2 0  1000
2 95985  84.0000 342.0000 0300000 270.0000 296.8458 11.29093996435440
LUNAR-1436
1 36057U 98065A   24270.92715278 -.00022620  00000-0  13156-2 0  1005
2 36057  84.0000 342.0000 0300000 270.0000 312.6830 11.29093996662243
LUNAR-1437
1 42630U 98065A   24270.92715278 -.00022620  00000-0  13156-2 0  1001
2 42630  84.0000 342.0000 0300000 270.0000 328.3191 11.29093996307863
LUNAR-1438
1 59545U 98065A   24270.92715278 -.00022620  00000-0  13156-2 0  1001
2 59545  84.0000 342.0000 0300000 270.0000 343.8123 11.29093996745466
LUNAR-1439
1 83453U 98065A   24270.92715278 -.00022620  00000-0  13156-2 0  1002
2 83453  84.0000 342.0000 0300000 270.0000 359.2298 11.29093996935563
