0,1,7142.22,500
0,19,7142.43,500
0,21,5048.58,500
0,380,4092.27,500
1,0,7142.22,500
1,2,7141.41,500
1,22,5696.5,500
1,399,5090.89,500
2,1,7141.41,500
2,3,7139.81,500
2,23,5874.32,500
2,398,5717.06,500
3,2,7139.81,500
3,4,7137.53,500
3,24,5556.4,500
3,397,5870.11,500
4,3,7137.53,500
4,5,7134.91,500
4,25,4789.34,500
4,396,5528.0,500
5,4,7134.91,500
5,6,7132.51,500
5,26,3705.48,500
5,395,4741.11,500
6,5,7132.51,500
6,7,7130.89,500
6,27,2600.2,500
6,394,3647.1,500
7,6,7130.89,500
7,8,7130.45,500
7,28,2163.6,500
7,393,2554.53,500
8,7,7130.45,500
8,9,7131.3,500
8,29,2877.78,500
8,392,2174.65,500
9,8,7131.3,500
9,10,7133.23,500
9,30,4024.11,500
9,391,2931.67,500
10,9,7133.23,500
10,11,7135.76,500
10,31,5040.33,500
10,390,4080.75,500
11,10,7135.76,500
11,12,7138.32,500
11,32,5692.41,500
11,389,5082.83,500
12,11,7138.32,500
12,13,7140.41,500
12,33,5874.99,500
12,388,5713.2,500
13,12,7140.41,500
13,14,7141.74,500
13,34,5561.72,500
13,387,5871.02,500
14,13,7141.74,500
14,15,7142.33,500
14,35,4798.6,500
14,386,5533.54,500
15,14,7142.33,500
15,16,7142.4,500
15,36,3718.07,500
15,385,4750.55,500
16,15,7142.4,500
16,17,7142.28,500
16,37,2616.63,500
16,384,3659.86,500
17,16,7142.28,500
17,18,7142.23,500
17,38,2182.45,500
17,383,2571.18,500
18,17,7142.23,500
18,19,7142.33,500
18,39,2893.03,500
18,382,2193.43,500
18,409,3145.3,325.63
19,0,7142.43,500
19,18,7142.33,500
19,20,4035.78,500
19,381,2946.72,500
20,19,4035.78,500
20,21,7142.25,500
20,39,7142.43,500
20,41,5005.33,500
21,0,5048.58,500
21,20,7142.25,500
21,22,7141.47,500
21,42,5674.74,500
22,1,5696.5,500
22,21,7141.47,500
22,23,7139.91,500
22,43,5877.28,500
23,2,5874.32,500
23,22,7139.91,500
23,24,7137.65,500
23,44,5583.65,500
24,3,5556.4,500
24,23,7137.65,500
24,25,7135.04,500
24,45,4836.75,500
25,4,4789.34,500
25,24,7135.04,500
25,26,7132.62,500
25,46,3763.72,500
26,5,3705.48,500
26,25,7132.62,500
26,27,7130.94,500
26,47,2647.47,500
27,6,2600.2,500
27,26,7130.94,500
27,28,7130.44,500
27,48,2155.89,500
28,7,2163.6,500
28,27,7130.44,500
28,29,7131.23,500
28,49,2824.83,500
29,8,2877.78,500
29,28,7131.23,500
29,30,7133.11,500
29,50,3967.07,500
30,9,4024.11,500
30,29,7133.11,500
30,31,7135.63,500
30,51,4996.89,500
31,10,5040.33,500
31,30,7135.63,500
31,32,7138.2,500
31,52,5670.43,500
32,11,5692.41,500
32,31,7138.2,500
32,33,7140.32,500
32,53,5877.71,500
33,12,5874.99,500
33,32,7140.32,500
33,34,7141.7,500
33,54,5588.75,500
34,13,5561.72,500
34,33,7141.7,500
34,35,7142.32,500
34,55,4845.84,500
35,14,4798.6,500
35,34,7142.32,500
35,36,7142.41,500
35,56,3776.15,500
36,15,3718.07,500
36,35,7142.41,500
36,37,7142.29,500
36,57,2663.68,500
36,404,2688.03,272.88
37,16,2616.63,500
37,36,7142.29,500
37,38,7142.23,500
37,58,2174.8,500
38,17,2182.45,500
38,37,7142.23,500
38,39,7142.32,500
38,59,2840.29,500
39,18,2893.03,500
39,20,7142.43,500
39,38,7142.32,500
39,40,3978.91,500
39,406,2259.6,358.24
40,39,3978.91,500
40,41,7142.27,500
40,59,7142.42,500
40,61,4961.17,500
41,20,5005.33,500
41,40,7142.27,500
41,42,7141.52,500
41,62,5651.8,500
42,21,5674.74,500
42,41,7141.52,500
42,43,7140.01,500
42,63,5878.99,500
42,407,2431.89,189.89
43,22,5877.28,500
43,42,7140.01,500
43,44,7137.78,500
43,64,5609.75,500
44,23,5583.65,500
44,43,7137.78,500
44,45,7135.18,500
44,65,4883.31,500
45,24,4836.75,500
45,44,7135.18,500
45,46,7132.73,500
45,66,3821.78,500
46,25,3763.72,500
46,45,7132.73,500
46,47,7131.0,500
46,67,2696.2,500
47,26,2647.47,500
47,46,7131.0,500
47,48,7130.43,500
47,68,2151.58,500
48,27,2155.89,500
48,47,7130.43,500
48,49,7131.16,500
48,69,2772.94,500
49,28,2824.83,500
49,48,7131.16,500
49,50,7133.0,500
49,70,3909.7,500
50,29,3967.07,500
50,49,7133.0,500
50,51,7135.5,500
50,71,4952.54,500
51,30,4996.89,500
51,50,7135.5,500
51,52,7138.08,500
51,72,5647.26,500
52,31,5670.43,500
52,51,7138.08,500
52,53,7140.23,500
52,73,5879.17,500
53,32,5877.71,500
53,52,7140.23,500
53,54,7141.65,500
53,74,5614.64,500
54,33,5588.75,500
54,53,7141.65,500
54,55,7142.3,500
54,75,4892.22,500
55,34,4845.84,500
55,54,7142.3,500
55,56,7142.41,500
55,76,3834.04,500
56,35,3776.15,500
56,55,7142.41,500
56,57,7142.29,500
56,77,2712.2,500
57,36,2663.68,500
57,56,7142.29,500
57,58,7142.23,500
57,78,2170.52,500
58,37,2174.8,500
58,57,7142.23,500
58,59,7142.31,500
58,79,2788.6,500
59,38,2840.29,500
59,40,7142.42,500
59,58,7142.31,500
59,60,3921.7,500
60,59,3921.7,500
60,61,7142.29,500
60,79,7142.42,500
60,81,4916.11,500
61,40,4961.17,500
61,60,7142.29,500
61,62,7141.58,500
61,82,5627.69,500
62,41,5651.8,500
62,61,7141.58,500
62,63,7140.1,500
62,83,5879.44,500
63,42,5878.99,500
63,62,7140.1,500
63,64,7137.9,500
63,84,5634.7,500
64,43,5609.75,500
64,63,7137.9,500
64,65,7135.31,500
64,85,4929.02,500
65,44,4883.31,500
65,64,7135.31,500
65,66,7132.84,500
65,86,3879.6,500
66,45,3821.78,500
66,65,7132.84,500
66,67,7131.06,500
66,87,2746.28,500
67,46,2696.2,500
67,66,7131.06,500
67,68,7130.43,500
67,88,2150.69,500
68,47,2151.58,500
68,67,7130.43,500
68,69,7131.09,500
68,89,2722.2,500
69,48,2772.94,500
69,68,7131.09,500
69,70,7132.89,500
69,90,3852.01,500
70,49,3909.7,500
70,69,7132.89,500
70,71,7135.36,500
70,91,4907.3,500
71,50,4952.54,500
71,70,7135.36,500
71,72,7137.96,500
71,92,5622.93,500
72,51,5647.26,500
72,71,7137.96,500
72,73,7140.14,500
72,93,5879.38,500
73,52,5879.17,500
73,72,7140.14,500
73,74,7141.59,500
73,94,5639.36,500
74,53,5614.64,500
74,73,7141.59,500
74,75,7142.29,500
74,95,4937.75,500
75,54,4892.22,500
75,74,7142.29,500
75,76,7142.41,500
75,96,3891.7,500
76,55,3834.04,500
76,75,7142.41,500
76,77,7142.3,500
76,97,2762.07,500
77,56,2712.2,500
77,76,7142.3,500
77,78,7142.23,500
77,98,2169.63,500
78,57,2170.52,500
78,77,7142.23,500
78,79,7142.31,500
78,99,2738.08,500
79,58,2788.6,500
79,60,7142.42,500
79,78,7142.31,500
79,80,3864.18,500
80,79,3864.18,500
80,81,7142.31,500
80,99,7142.42,500
80,101,4870.17,500
81,60,4916.11,500
81,80,7142.31,500
81,82,7141.63,500
81,102,5602.41,500
82,61,5627.69,500
82,81,7141.63,500
82,83,7140.19,500
82,103,5878.63,500
83,62,5879.44,500
83,82,7140.19,500
83,84,7138.03,500
83,104,5658.47,500
84,63,5634.7,500
84,83,7138.03,500
84,85,7135.44,500
84,105,4973.84,500
85,64,4929.02,500
85,84,7135.44,500
85,86,7132.95,500
85,106,3937.14,500
86,65,3879.6,500
86,85,7132.95,500
86,87,7131.13,500
86,107,2797.58,500
87,66,2746.28,500
87,86,7131.13,500
87,88,7130.43,500
87,108,2153.22,500
88,67,2150.69,500
88,87,7130.43,500
88,89,7131.03,500
88,109,2672.75,500
89,68,2722.2,500
89,88,7131.03,500
89,90,7132.78,500
89,110,3794.08,500
90,69,3852.01,500
90,89,7132.78,500
90,91,7135.23,500
90,111,4861.18,500
91,70,4907.3,500
91,90,7135.23,500
91,92,7137.83,500
91,112,5597.43,500
92,71,5622.93,500
92,91,7137.83,500
92,93,7140.04,500
92,113,5878.33,500
93,72,5879.38,500
93,92,7140.04,500
93,94,7141.54,500
93,114,5662.91,500
94,73,5639.36,500
94,93,7141.54,500
94,95,7142.27,500
94,115,4982.38,500
95,74,4937.75,500
95,94,7142.27,500
95,96,7142.42,500
95,116,3949.08,500
96,75,3891.7,500
96,95,7142.42,500
96,97,7142.31,500
96,117,2813.16,500
97,76,2762.07,500
97,96,7142.31,500
97,98,7142.23,500
97,118,2172.14,500
98,77,2169.63,500
98,97,7142.23,500
98,99,7142.3,500
98,119,2688.84,500
99,78,2738.08,500
99,80,7142.42,500
99,98,7142.3,500
99,100,3806.41,500
100,99,3806.41,500
100,101,7142.32,500
100,119,7142.42,500
100,121,4823.37,500
101,80,4870.17,500
101,100,7142.32,500
101,102,7141.68,500
101,122,5575.98,500
101,402,2233.52,175.93
102,81,5602.41,500
102,101,7141.68,500
102,103,7140.29,500
102,123,5876.57,500
103,82,5878.63,500
103,102,7140.29,500
103,104,7138.15,500
103,124,5681.07,500
104,83,5658.47,500
104,103,7138.15,500
104,105,7135.57,500
104,125,5017.75,500
105,84,4973.84,500
105,104,7135.57,500
105,106,7133.06,500
105,126,3994.36,500
106,85,3937.14,500
106,105,7133.06,500
106,107,7131.19,500
106,127,2850.0,500
107,86,2797.58,500
107,106,7131.19,500
107,108,7130.43,500
107,128,2159.15,500
108,87,2153.22,500
108,107,7130.43,500
108,109,7130.97,500
108,129,2624.7,500
109,88,2672.75,500
109,108,7130.97,500
109,110,7132.67,500
109,130,3735.92,500
110,89,3794.08,500
110,109,7132.67,500
110,111,7135.1,500
110,131,4814.21,500
111,90,4861.18,500
111,110,7135.1,500
111,112,7137.71,500
111,132,5570.78,500
112,91,5597.43,500
112,111,7137.71,500
112,113,7139.95,500
112,133,5876.03,500
113,92,5878.33,500
113,112,7139.95,500
113,114,7141.48,500
113,134,5685.28,500
114,93,5662.91,500
114,113,7141.48,500
114,115,7142.25,500
114,135,5026.11,500
115,94,4982.38,500
115,114,7142.25,500
115,116,7142.42,500
115,136,4006.13,500
116,95,3949.08,500
116,115,7142.42,500
116,117,7142.31,500
116,137,2865.37,500
117,96,2813.16,500
117,116,7142.31,500
117,118,7142.23,500
117,138,2178.04,500
118,97,2172.14,500
118,117,7142.23,500
118,119,7142.29,500
118,139,2641.01,500
119,98,2688.84,500
119,100,7142.42,500
119,118,7142.29,500
119,120,3748.42,500
120,119,3748.42,500
120,121,7142.34,500
120,139,7142.41,500
120,141,4775.74,500
121,100,4823.37,500
121,120,7142.34,500
121,122,7141.73,500
121,142,5548.4,500
122,101,5575.98,500
122,121,7141.73,500
122,123,7140.37,500
122,143,5873.25,500
123,102,5876.57,500
123,122,7140.37,500
123,124,7138.27,500
123,144,5702.49,500
124,103,5681.07,500
124,123,7138.27,500
124,125,7135.7,500
124,145,5060.74,500
125,104,5017.75,500
125,124,7135.7,500
125,126,7133.18,500
125,146,4051.21,500
126,105,3994.36,500
126,125,7133.18,500
126,127,7131.26,500
126,147,2903.41,500
127,106,2850.0,500
127,126,7131.26,500
127,128,7130.44,500
127,148,2168.46,500
128,107,2159.15,500
128,127,7130.44,500
128,129,7130.91,500
128,149,2578.18,500
129,108,2624.7,500
129,128,7130.91,500
129,130,7132.56,500
129,150,3677.61,500
130,109,3735.92,500
130,129,7132.56,500
130,131,7134.97,500
130,151,4766.4,500
131,110,4814.21,500
131,130,7134.97,500
131,132,7137.58,500
131,152,5542.98,500
132,111,5570.78,500
132,131,7137.58,500
132,133,7139.85,500
132,153,5872.47,500
133,112,5876.03,500
133,132,7139.85,500
133,134,7141.43,500
133,154,5706.47,500
134,113,5685.28,500
134,133,7141.43,500
134,135,7142.23,500
134,155,5068.92,500
135,114,5026.11,500
135,134,7142.23,500
135,136,7142.42,500
135,156,4062.82,500
136,115,4006.13,500
136,135,7142.42,500
136,137,7142.32,500
136,157,2918.57,500
137,116,2865.37,500
137,136,7142.32,500
137,138,7142.23,500
137,158,2187.29,500
138,117,2178.04,500
138,137,7142.23,500
138,139,7142.29,500
138,159,2594.71,500
139,118,2641.01,500
139,120,7142.41,500
139,138,7142.29,500
139,140,3690.27,500
140,139,3690.27,500
140,141,7142.35,500
140,159,7142.41,500
140,161,4727.3,500
141,120,4775.74,500
141,140,7142.35,500
141,142,7141.78,500
141,162,5519.68,500
142,121,5548.4,500
142,141,7141.78,500
142,143,7140.46,500
142,163,5868.68,500
143,122,5873.25,500
143,142,7140.46,500
143,144,7138.39,500
143,164,5722.71,500
144,123,5702.49,500
144,143,7138.39,500
144,145,7135.83,500
144,165,5102.79,500
145,124,5060.74,500
145,144,7135.83,500
145,146,7133.29,500
145,166,4107.66,500
146,125,4051.21,500
146,145,7133.29,500
146,147,7131.34,500
146,167,2957.71,500
147,126,2903.41,500
147,146,7131.34,500
147,148,7130.45,500
147,168,2181.1,500
148,127,2168.46,500
148,147,7130.45,500
148,149,7130.86,500
148,169,2533.33,500
149,128,2578.18,500
149,148,7130.86,500
149,150,7132.46,500
149,170,3619.18,500
150,129,3677.61,500
150,149,7132.46,500
150,151,7134.84,500
150,171,4717.79,500
151,130,4766.4,500
151,150,7134.84,500
151,152,7137.46,500
151,172,5514.04,500
152,131,5542.98,500
152,151,7137.46,500
152,153,7139.75,500
152,173,5867.65,500
153,132,5872.47,500
153,152,7139.75,500
153,154,7141.37,500
153,174,5726.46,500
154,133,5706.47,500
154,153,7141.37,500
154,155,7142.2,500
154,175,5110.78,500
154,403,2024.02,363.53
155,134,5068.92,500
155,154,7142.2,500
155,156,7142.42,500
155,176,4119.11,500
155,408,2092.08,386.82
156,135,4062.82,500
156,155,7142.42,500
156,157,7142.33,500
156,177,2972.68,500
157,136,2918.57,500
157,156,7142.33,500
157,158,7142.23,500
157,178,2199.84,500
158,137,2187.29,500
158,157,7142.23,500
158,159,7142.28,500
158,179,2550.07,500
159,138,2594.71,500
159,140,7142.41,500
159,158,7142.28,500
159,160,3632.01,500
160,159,3632.01,500
160,161,7142.36,500
160,179,7142.4,500
160,181,4678.08,500
160,400,3016.79,234.93
161,140,4727.3,500
161,160,7142.36,500
161,162,7141.82,500
161,182,5489.84,500
162,141,5519.68,500
162,161,7141.82,500
162,163,7140.55,500
162,183,5862.86,500
163,142,5868.68,500
163,162,7140.55,500
163,164,7138.51,500
163,184,5741.73,500
163,411,1884.55,202.14
163,421,2966.74,133.47
164,143,5722.71,500
164,163,7138.51,500
164,165,7135.97,500
164,185,5143.88,500
165,144,5102.79,500
165,164,7135.97,500
165,166,7133.41,500
165,186,4163.67,500
166,145,4107.66,500
166,165,7133.41,500
166,167,7131.41,500
166,187,3012.81,500
167,146,2957.71,500
167,166,7131.41,500
167,168,7130.47,500
167,188,2196.98,500
168,147,2181.1,500
168,167,7130.47,500
168,169,7130.81,500
168,189,2490.27,500
169,148,2533.33,500
169,168,7130.81,500
169,170,7132.35,500
169,190,3560.69,500
170,149,3619.18,500
170,169,7132.35,500
170,171,7134.71,500
170,191,4668.39,500
171,150,4717.79,500
171,170,7134.71,500
171,172,7137.33,500
171,192,5483.99,500
171,401,1582.05,320.55
172,151,5514.04,500
172,171,7137.33,500
172,173,7139.65,500
172,193,5861.59,500
173,152,5867.65,500
173,172,7139.65,500
173,174,7141.31,500
173,194,5745.25,500
174,153,5726.46,500
174,173,7141.31,500
174,175,7142.18,500
174,195,5151.67,500
175,154,5110.78,500
175,174,7142.18,500
175,176,7142.42,500
175,196,4174.95,500
175,420,1726.12,297.61
176,155,4119.11,500
176,175,7142.42,500
176,177,7142.33,500
176,197,3027.58,500
177,156,2972.68,500
177,176,7142.33,500
177,178,7142.23,500
177,198,2215.62,500
178,157,2199.84,500
178,177,7142.23,500
178,179,7142.28,500
178,199,2507.22,500
179,158,2550.07,500
179,160,7142.4,500
179,178,7142.28,500
179,180,3573.7,500
180,179,3573.7,500
180,181,7142.37,500
180,199,7142.4,500
180,201,4628.09,500
181,160,4678.08,500
181,180,7142.37,500
181,182,7141.87,500
181,202,5458.88,500
182,161,5489.84,500
182,181,7141.87,500
182,183,7140.63,500
182,203,5855.78,500
183,162,5862.86,500
183,182,7140.63,500
183,184,7138.62,500
183,204,5759.54,500
184,163,5741.73,500
184,183,7138.62,500
184,185,7136.1,500
184,205,5183.99,500
185,164,5143.88,500
185,184,7136.1,500
185,186,7133.53,500
185,206,4219.2,500
186,165,4163.67,500
186,185,7133.53,500
186,187,7131.49,500
186,207,3068.61,500
187,166,3012.81,500
187,186,7131.49,500
187,188,7130.48,500
187,208,2216.03,500
188,167,2196.98,500
188,187,7130.48,500
188,189,7130.76,500
188,209,2449.14,500
189,168,2490.27,500
189,188,7130.76,500
189,190,7132.25,500
189,210,3502.2,500
190,169,3560.69,500
190,189,7132.25,500
190,191,7134.58,500
190,211,4618.23,500
191,170,4668.39,500
191,190,7134.58,500
191,192,7137.2,500
191,212,5452.82,500
192,171,5483.99,500
192,191,7137.2,500
192,193,7139.55,500
192,213,5854.28,500
193,172,5861.59,500
193,192,7139.55,500
193,194,7141.24,500
193,214,5762.83,500
194,173,5745.25,500
194,193,7141.24,500
194,195,7142.15,500
194,215,5191.59,500
195,174,5151.67,500
195,194,7142.15,500
195,196,7142.42,500
195,216,4230.32,500
196,175,4174.95,500
196,195,7142.42,500
196,197,7142.34,500
196,217,3083.18,500
197,176,3027.58,500
197,196,7142.34,500
197,198,7142.23,500
197,218,2234.55,500
197,419,1886.59,388.09
198,177,2215.62,500
198,197,7142.23,500
198,199,7142.27,500
198,219,2466.3,500
199,178,2507.22,500
199,180,7142.4,500
199,198,7142.27,500
199,200,3515.38,500
200,199,3515.38,500
200,201,7142.38,500
200,219,7142.39,500
200,239,4577.36,500
201,180,4628.09,500
201,200,7142.38,500
201,202,7141.91,500
201,238,5426.82,500
202,181,5458.88,500
202,201,7141.91,500
202,203,7140.71,500
202,237,5847.46,500
203,182,5855.78,500
203,202,7140.71,500
203,204,7138.74,500
203,236,5776.14,500
204,183,5759.54,500
204,203,7138.74,500
204,205,7136.23,500
204,235,5223.11,500
205,184,5183.99,500
205,204,7136.23,500
205,206,7133.65,500
205,234,4274.21,500
206,185,4219.2,500
206,205,7133.65,500
206,207,7131.57,500
206,233,3125.02,500
207,186,3068.61,500
207,206,7131.57,500
207,208,7130.5,500
207,232,2238.15,500
208,187,2216.03,500
208,207,7130.5,500
208,209,7130.72,500
208,231,2410.09,500
209,188,2449.14,500
209,208,7130.72,500
209,210,7132.15,500
209,230,3443.77,500
210,189,3502.2,500
210,209,7132.15,500
210,211,7134.45,500
210,229,4567.33,500
211,190,4618.23,500
211,210,7134.45,500
211,212,7137.07,500
211,228,5420.55,500
212,191,5452.82,500
212,211,7137.07,500
212,213,7139.45,500
212,227,5845.72,500
213,192,5854.28,500
213,212,7139.45,500
213,214,7141.18,500
213,226,5779.2,500
214,193,5762.83,500
214,213,7141.18,500
214,215,7142.12,500
214,225,5230.51,500
215,194,5191.59,500
215,214,7142.12,500
215,216,7142.41,500
215,224,4285.17,500
216,195,4230.32,500
216,215,7142.41,500
216,217,7142.35,500
216,223,3139.39,500
216,405,1847.42,341.83
216,417,2169.49,345.89
217,196,3083.18,500
217,216,7142.35,500
217,218,7142.24,500
217,222,2256.53,500
218,197,2234.55,500
218,217,7142.24,500
218,219,7142.26,500
218,221,2427.46,500
219,198,2466.3,500
219,200,7142.39,500
219,218,7142.26,500
219,220,3457.12,500
220,219,3457.12,500
220,221,7142.39,500
220,239,7142.39,500
220,259,4525.92,500
221,218,2427.46,500
221,220,7142.39,500
221,222,7142.26,500
221,240,3398.97,500
222,217,2256.53,500
222,221,7142.26,500
222,223,7142.24,500
222,241,2390.83,500
223,216,3139.39,500
223,222,7142.24,500
223,224,7142.35,500
223,242,2281.45,500
224,215,4285.17,500
224,223,7142.35,500
224,225,7142.41,500
224,243,3196.13,500
225,214,5230.51,500
225,224,7142.41,500
225,226,7142.09,500
225,244,4339.48,500
226,213,5779.2,500
226,225,7142.09,500
226,227,7141.11,500
226,245,5268.43,500
227,212,5845.72,500
227,226,7141.11,500
227,228,7139.34,500
227,246,5794.35,500
228,211,5420.55,500
228,227,7139.34,500
228,229,7136.94,500
228,247,5835.91,500
229,210,4567.33,500
229,228,7136.94,500
229,230,7134.33,500
229,248,5387.19,500
230,209,3443.77,500
230,229,7134.33,500
230,231,7132.06,500
230,249,4515.72,500
231,208,2410.09,500
231,230,7132.06,500
231,232,7130.67,500
231,250,3385.45,500
232,207,2238.15,500
232,231,7130.67,500
232,233,7130.53,500
232,251,2373.25,500
233,206,3125.02,500
233,232,7130.53,500
233,234,7131.66,500
233,252,2263.23,500
234,205,4274.21,500
234,233,7131.66,500
234,235,7133.77,500
234,253,3181.94,500
235,204,5223.11,500
235,234,7133.77,500
235,236,7136.36,500
235,254,4328.68,500
236,203,5776.14,500
236,235,7136.36,500
236,237,7138.85,500
236,255,5261.22,500
237,202,5847.46,500
237,236,7138.85,500
237,238,7140.79,500
237,256,5791.52,500
238,201,5426.82,500
238,237,7140.79,500
238,239,7141.95,500
238,257,5837.9,500
239,200,4577.36,500
239,220,7142.39,500
239,238,7141.95,500
239,258,5393.67,500
240,221,3398.97,500
240,241,7142.38,500
240,259,7142.4,500
240,279,4473.79,500
241,222,2390.83,500
241,240,7142.38,500
241,242,7142.25,500
241,260,3341.02,500
242,223,2281.45,500
242,241,7142.25,500
242,243,7142.24,500
242,261,2356.55,500
243,224,3196.13,500
243,242,7142.24,500
243,244,7142.36,500
243,262,2309.19,500
244,225,4339.48,500
244,243,7142.36,500
244,245,7142.41,500
244,263,3253.31,500
245,226,5268.43,500
245,244,7142.41,500
245,246,7142.06,500
245,264,4393.2,500
246,227,5794.35,500
246,245,7142.06,500
246,247,7141.04,500
246,265,5305.31,500
247,228,5835.91,500
247,246,7141.04,500
247,248,7139.23,500
247,266,5808.27,500
248,229,5387.19,500
248,247,7139.23,500
248,249,7136.81,500
248,267,5824.87,500
249,230,4515.72,500
249,248,7136.81,500
249,250,7134.2,500
249,268,5352.76,500
249,413,1578.22,385.69
250,231,3385.45,500
250,249,7134.2,500
250,251,7131.96,500
250,269,4463.43,500
251,232,2373.25,500
251,250,7131.96,500
251,252,7130.64,500
251,270,3327.31,500
252,233,2263.23,500
252,251,7130.64,500
252,253,7130.56,500
252,271,2338.78,500
253,234,3181.94,500
253,252,7130.56,500
253,254,7131.74,500
253,272,2291.14,500
254,235,4328.68,500
254,253,7131.74,500
254,255,7133.89,500
254,273,3239.31,500
254,423,2137.14,430.81
255,236,5261.22,500
255,254,7133.89,500
255,256,7136.49,500
255,274,4382.57,500
256,237,5791.52,500
256,255,7136.49,500
256,257,7138.97,500
256,275,5298.3,500
257,238,5837.9,500
257,256,7138.97,500
257,258,7140.87,500
257,276,5805.68,500
258,239,5393.67,500
258,257,7140.87,500
258,259,7141.99,500
258,277,5827.09,500
259,220,4525.92,500
259,240,7142.4,500
259,258,7141.99,500
259,278,5359.45,500
260,241,3341.02,500
260,261,7142.38,500
260,279,7142.41,500
260,299,4421.01,500
261,242,2356.55,500
261,260,7142.38,500
261,262,7142.25,500
261,280,3283.31,500
262,243,2309.19,500
262,261,7142.25,500
262,263,7142.25,500
262,281,2324.75,500
263,244,3253.31,500
263,262,7142.25,500
263,264,7142.37,500
263,282,2339.63,500
264,245,4393.2,500
264,263,7142.37,500
264,265,7142.4,500
264,283,3310.85,500
265,246,5305.31,500
265,264,7142.4,500
265,266,7142.03,500
265,284,4446.31,500
266,247,5808.27,500
266,265,7142.03,500
266,267,7140.97,500
266,285,5341.15,500
267,248,5824.87,500
267,266,7140.97,500
267,268,7139.12,500
267,286,5820.95,500
268,249,5352.76,500
268,267,7139.12,500
268,269,7136.68,500
268,287,5812.59,500
269,250,4463.43,500
269,268,7136.68,500
269,270,7134.07,500
269,288,5317.26,500
270,251,3327.31,500
270,269,7134.07,500
270,271,7131.87,500
270,289,4410.48,500
271,252,2338.78,500
271,270,7131.87,500
271,272,7130.6,500
271,290,3269.42,500
272,253,2291.14,500
272,271,7130.6,500
272,273,7130.59,500
272,291,2306.8,500
273,254,3239.31,500
273,272,7130.59,500
273,274,7131.83,500
273,292,2321.75,500
274,255,4382.57,500
274,273,7131.83,500
274,275,7134.02,500
274,293,3297.03,500
275,256,5298.3,500
275,274,7134.02,500
275,276,7136.63,500
275,294,4435.85,500
276,257,5805.68,500
276,275,7136.63,500
276,277,7139.08,500
276,295,5334.35,500
277,258,5827.09,500
277,276,7139.08,500
277,278,7140.94,500
277,296,5818.6,500
278,259,5359.45,500
278,277,7140.94,500
278,279,7142.02,500
278,297,5815.04,500
279,240,4473.79,500
279,260,7142.41,500
279,278,7142.02,500
279,298,5324.15,500
280,261,3283.31,500
280,281,7142.37,500
280,299,7142.41,500
280,319,4367.6,500
280,418,2496.31,368.56
281,262,2324.75,500
281,280,7142.37,500
281,282,7142.25,500
281,300,3225.93,500
282,263,2339.63,500
282,281,7142.25,500
282,283,7142.25,500
282,301,2295.59,500
283,264,3310.85,500
283,282,7142.25,500
283,284,7142.37,500
283,302,2372.62,500
284,265,4446.31,500
284,283,7142.37,500
284,285,7142.4,500
284,303,3368.68,500
285,266,5341.15,500
285,284,7142.4,500
285,286,7141.99,500
285,304,4498.78,500
286,267,5820.95,500
286,285,7141.99,500
286,287,7140.89,500
286,305,5375.93,500
287,268,5812.59,500
287,286,7140.89,500
287,288,7139.01,500
287,306,5832.41,500
288,269,5317.26,500
288,287,7139.01,500
288,289,7136.55,500
288,307,5799.07,500
289,270,4410.48,500
289,288,7136.55,500
289,290,7133.95,500
289,308,5280.72,500
290,271,3269.42,500
290,289,7133.95,500
290,291,7131.78,500
290,309,4356.91,500
291,272,2306.8,500
291,290,7131.78,500
291,292,7130.57,500
291,310,3211.86,500
292,273,2321.75,500
292,291,7130.57,500
292,293,7130.62,500
292,311,2277.46,500
293,274,3297.03,500
293,292,7130.62,500
293,294,7131.92,500
293,312,2354.94,500
294,275,4435.85,500
294,293,7131.92,500
294,295,7134.14,500
294,313,3355.05,500
295,276,5334.35,500
295,294,7134.14,500
295,296,7136.76,500
295,314,4488.49,500
296,277,5818.6,500
296,295,7136.76,500
296,297,7139.19,500
296,315,5369.34,500
297,278,5815.04,500
297,296,7139.19,500
297,298,7141.01,500
297,316,5830.3,500
298,279,5324.15,500
298,297,7141.01,500
298,299,7142.06,500
298,317,5801.77,500
299,260,4421.01,500
299,280,7142.41,500
299,298,7142.06,500
299,318,5287.81,500
300,281,3225.93,500
300,301,7142.36,500
300,319,7142.42,500
300,339,4313.6,500
300,414,2978.42,288.47
301,282,2295.59,500
301,300,7142.36,500
301,302,7142.24,500
301,320,3168.96,500
302,283,2372.62,500
302,301,7142.24,500
302,303,7142.25,500
302,321,2269.18,500
303,284,3368.68,500
303,302,7142.25,500
303,304,7142.38,500
303,322,2408.05,500
304,285,4498.78,500
304,303,7142.38,500
304,305,7142.39,500
304,323,3426.74,500
305,286,5375.93,500
305,304,7142.39,500
305,306,7141.96,500
305,324,4550.58,500
306,287,5832.41,500
306,305,7141.96,500
306,307,7140.82,500
306,325,5409.65,500
307,288,5799.07,500
307,306,7140.82,500
307,308,7138.9,500
307,326,5842.62,500
308,289,5280.72,500
308,307,7138.9,500
308,309,7136.42,500
308,327,5784.33,500
309,290,4356.91,500
309,308,7136.42,500
309,310,7133.83,500
309,328,5243.15,500
310,291,3211.86,500
310,309,7133.83,500
310,311,7131.69,500
310,329,4302.74,500
311,292,2277.46,500
311,310,7131.69,500
311,312,7130.54,500
311,330,3154.7,500
312,293,2354.94,500
312,311,7130.54,500
312,313,7130.66,500
312,331,2250.89,500
313,294,3355.05,500
313,312,7130.66,500
313,314,7132.01,500
313,332,2390.56,500
314,295,4488.49,500
314,313,7132.01,500
314,315,7134.27,500
314,333,3413.28,500
315,296,5369.34,500
315,314,7134.27,500
315,316,7136.89,500
315,334,4540.45,500
316,297,5830.3,500
316,315,7136.89,500
316,317,7139.3,500
316,335,5403.26,500
317,298,5801.77,500
317,316,7139.3,500
317,318,7141.08,500
317,336,5840.75,500
318,299,5287.81,500
318,317,7141.08,500
318,319,7142.09,500
318,337,5787.26,500
319,280,4367.6,500
319,300,7142.42,500
319,318,7142.09,500
319,338,5250.44,500
320,301,3168.96,500
320,321,7142.36,500
320,339,7142.42,500
320,359,4259.03,500
321,302,2269.18,500
321,320,7142.36,500
321,322,7142.24,500
321,340,3112.46,500
322,303,2408.05,500
322,321,7142.24,500
322,323,7142.26,500
322,341,2245.65,500
323,304,3426.74,500
323,322,7142.26,500
323,324,7142.38,500
323,342,2445.75,500
324,305,4550.58,500
324,323,7142.38,500
324,325,7142.38,500
324,343,3484.94,500
325,306,5409.65,500
325,324,7142.38,500
325,326,7141.92,500
325,344,4601.69,500
326,307,5842.62,500
326,325,7141.92,500
326,327,7140.74,500
326,345,5442.28,500
327,308,5784.33,500
327,326,7140.74,500
327,328,7138.79,500
327,346,5851.59,500
328,309,5243.15,500
328,327,7138.79,500
328,329,7136.29,500
328,347,5768.37,500
329,310,4302.74,500
329,328,7136.29,500
329,330,7133.7,500
329,348,5204.55,500
330,311,3154.7,500
330,329,7133.7,500
330,331,7131.61,500
330,349,4248.0,500
331,312,2250.89,500
331,330,7131.61,500
331,332,7130.51,500
331,350,3098.01,500
332,313,2390.56,500
332,331,7130.51,500
332,333,7130.7,500
332,351,2227.21,500
333,314,3413.28,500
333,332,7130.7,500
333,334,7132.11,500
333,352,2428.47,500
334,315,4540.45,500
334,333,7132.11,500
334,335,7134.4,500
334,353,3471.66,500
335,316,5403.26,500
335,334,7134.4,500
335,336,7137.02,500
335,354,4591.73,500
336,317,5840.75,500
336,335,7137.02,500
336,337,7139.4,500
336,355,5436.1,500
337,318,5787.26,500
337,336,7139.4,500
337,338,7141.15,500
337,356,5849.96,500
338,319,5250.44,500
338,337,7141.15,500
338,339,7142.12,500
338,357,5771.53,500
339,300,4313.6,500
339,320,7142.42,500
339,338,7142.12,500
339,358,5212.04,500
340,321,3112.46,500
340,341,7142.35,500
340,359,7142.42,500
340,379,4203.93,500
341,322,2245.65,500
341,340,7142.35,500
341,342,7142.24,500
341,360,3056.53,500
342,323,2445.75,500
342,341,7142.24,500
342,343,7142.26,500
342,361,2225.12,500
343,324,3484.94,500
343,342,7142.26,500
343,344,7142.39,500
343,362,2485.6,500
344,325,4601.69,500
344,343,7142.39,500
344,345,7142.37,500
344,363,3543.24,500
344,415,1974.83,408.99
345,326,5442.28,500
345,344,7142.37,500
345,346,7141.88,500
345,364,4652.07,500
346,327,5851.59,500
346,345,7141.88,500
346,347,7140.66,500
346,365,5473.81,500
347,328,5768.37,500
347,346,7140.66,500
347,348,7138.67,500
347,366,5859.32,500
348,329,5204.55,500
348,347,7138.67,500
348,349,7136.16,500
348,367,5751.19,500
349,330,4248.0,500
349,348,7136.16,500
349,350,7133.58,500
349,368,5164.96,500
350,331,3098.01,500
350,349,7133.58,500
350,351,7131.53,500
350,369,4192.74,500
351,332,2227.21,500
351,350,7131.53,500
351,352,7130.49,500
351,370,3041.88,500
352,333,2428.47,500
352,351,7130.49,500
352,353,7130.74,500
352,371,2206.54,500
353,334,3471.66,500
353,352,7130.74,500
353,354,7132.21,500
353,372,2468.53,500
354,335,4591.73,500
354,353,7132.21,500
354,355,7134.53,500
354,373,3530.13,500
355,336,5436.1,500
355,354,7134.53,500
355,356,7137.15,500
355,374,4642.28,500
356,337,5849.96,500
356,355,7137.15,500
356,357,7139.51,500
356,375,5467.84,500
357,338,5771.53,500
357,356,7139.51,500
357,358,7141.22,500
357,376,5857.93,500
358,339,5212.04,500
358,357,7141.22,500
358,359,7142.15,500
358,377,5754.58,500
359,320,4259.03,500
359,340,7142.42,500
359,358,7142.15,500
359,378,5172.64,500
360,341,3056.53,500
360,361,7142.34,500
360,379,7142.43,500
360,399,4148.33,500
361,342,2225.12,500
361,360,7142.34,500
361,362,7142.23,500
361,380,3001.25,500
361,410,1649.83,414.76
361,412,2006.76,391.59
362,343,2485.6,500
362,361,7142.23,500
362,363,7142.27,500
362,381,2207.68,500
363,344,3543.24,500
363,362,7142.27,500
363,364,7142.39,500
363,382,2527.46,500
364,345,4652.07,500
364,363,7142.39,500
364,365,7142.36,500
364,383,3601.56,500
365,346,5473.81,500
365,364,7142.36,500
365,366,7141.83,500
365,384,4701.7,500
366,347,5859.32,500
366,365,7141.83,500
366,367,7140.58,500
366,385,5504.24,500
367,348,5751.19,500
367,366,7140.58,500
367,368,7138.56,500
367,386,5865.79,500
368,349,5164.96,500
368,367,7138.56,500
368,369,7136.02,500
368,387,5732.79,500
369,350,4192.74,500
369,368,7136.02,500
369,370,7133.46,500
369,388,5124.38,500
370,351,3041.88,500
370,369,7133.46,500
370,371,7131.45,500
370,389,4136.98,500
371,352,2206.54,500
371,370,7131.45,500
371,372,7130.47,500
371,390,2986.41,500
372,353,2468.53,500
372,371,7130.47,500
372,373,7130.79,500
372,391,2188.99,500
373,354,3530.13,500
373,372,7130.79,500
373,374,7132.31,500
373,392,2510.6,500
374,355,4642.28,500
374,373,7132.31,500
374,375,7134.65,500
374,393,3588.63,500
375,356,5467.84,500
375,374,7134.65,500
375,376,7137.27,500
375,394,4692.08,500
376,357,5857.93,500
376,375,7137.27,500
376,377,7139.61,500
376,395,5498.48,500
377,358,5754.58,500
377,376,7139.61,500
377,378,7141.29,500
377,396,5864.64,500
378,359,5172.64,500
378,377,7141.29,500
378,379,7142.18,500
378,397,5736.42,500
379,340,4203.93,500
379,360,7142.43,500
379,378,7142.18,500
379,398,5132.25,500
380,0,4092.27,500
380,361,3001.25,500
380,381,7142.33,500
380,399,7142.43,500
380,416,1587.36,428.79
381,19,2946.72,500
381,362,2207.68,500
381,380,7142.33,500
381,382,7142.23,500
382,18,2193.43,500
382,363,2527.46,500
382,381,7142.23,500
382,383,7142.28,500
383,17,2571.18,500
383,364,3601.56,500
383,382,7142.28,500
383,384,7142.4,500
384,16,3659.86,500
384,365,4701.7,500
384,383,7142.4,500
384,385,7142.35,500
385,15,4750.55,500
385,366,5504.24,500
385,384,7142.35,500
385,386,7141.79,500
386,14,5533.54,500
386,367,5865.79,500
386,385,7141.79,500
386,387,7140.49,500
387,13,5871.02,500
387,368,5732.79,500
387,386,7140.49,500
387,388,7138.44,500
388,12,5713.2,500
388,369,5124.38,500
388,387,7138.44,500
388,389,7135.89,500
389,11,5082.83,500
389,370,4136.98,500
389,388,7135.89,500
389,390,7133.34,500
389,422,3177.57,265.1
390,10,4080.75,500
390,371,2986.41,500
390,389,7133.34,500
390,391,7131.37,500
391,9,2931.67,500
391,372,2188.99,500
391,390,7131.37,500
391,392,7130.46,500
392,8,2174.65,500
392,373,2510.6,500
392,391,7130.46,500
392,393,7130.84,500
393,7,2554.53,500
393,374,3588.63,500
393,392,7130.84,500
393,394,7132.41,500
394,6,3647.1,500
394,375,4692.08,500
394,393,7132.41,500
394,395,7134.78,500
395,5,4741.11,500
395,376,5498.48,500
395,394,7134.78,500
395,396,7137.4,500
396,4,5528.0,500
396,377,5864.64,500
396,395,7137.4,500
396,397,7139.71,500
397,3,5870.11,500
397,378,5736.42,500
397,396,7139.71,500
397,398,7141.35,500
398,2,5717.06,500
398,379,5132.25,500
398,397,7141.35,500
398,399,7142.2,500
399,1,5090.89,500
399,360,4148.33,500
399,380,7142.43,500
399,398,7142.2,500
400,160,3016.79,234.93
401,171,1582.05,320.55
402,101,2233.52,175.93
403,154,2024.02,363.53
404,36,2688.03,272.88
405,216,1847.42,341.83
406,39,2259.6,358.24
407,42,2431.89,189.89
408,155,2092.08,386.82
409,18,3145.3,325.63
410,361,1649.83,414.76
411,163,1884.55,202.14
412,361,2006.76,391.59
413,249,1578.22,385.69
414,300,2978.42,288.47
415,344,1974.83,408.99
416,380,1587.36,428.79
417,216,2169.49,345.89
418,280,2496.31,368.56
419,197,1886.59,388.09
420,175,1726.12,297.61
421,163,2966.74,133.47
422,389,3177.57,265.1
423,254,2137.14,430.81
