0,1,7.16,500
0,19,7.16,500
0,20,3.21,500
0,881,3.2,500
1,0,7.16,500
1,2,7.15,500
1,21,2.96,500
1,882,2.96,500
2,1,7.15,500
2,3,7.15,500
2,22,2.63,500
2,883,2.63,500
3,2,7.15,500
3,4,7.15,500
3,23,2.34,500
3,884,2.33,500
4,3,7.15,500
4,5,7.15,500
4,24,2.21,500
4,885,2.21,500
5,4,7.15,500
5,6,7.15,500
5,25,2.34,500
5,886,2.35,500
6,5,7.15,500
6,7,7.15,500
6,26,2.64,500
6,887,2.65,500
7,6,7.15,500
7,8,7.16,500
7,27,2.97,500
7,888,2.98,500
8,7,7.16,500
8,9,7.16,500
8,28,3.21,500
8,889,3.21,500
9,8,7.16,500
9,10,7.16,500
9,29,3.3,500
9,890,3.3,500
10,9,7.16,500
10,11,7.16,500
10,30,3.21,500
10,891,3.2,500
11,10,7.16,500
11,12,7.16,500
11,31,2.96,500
11,892,2.96,500
12,11,7.16,500
12,13,7.16,500
12,32,2.63,500
12,893,2.63,500
13,12,7.16,500
13,14,7.16,500
13,33,2.33,500
13,894,2.33,500
14,13,7.16,500
14,15,7.16,500
14,34,2.21,500
14,895,2.21,500
15,14,7.16,500
15,16,7.16,500
15,35,2.34,500
15,896,2.34,500
16,15,7.16,500
16,17,7.16,500
16,36,2.64,500
16,897,2.65,500
16,915,1.88,415.8
17,16,7.16,500
17,18,7.16,500
17,37,2.97,500
17,898,2.98,500
18,17,7.16,500
18,19,7.16,500
18,38,3.21,500
18,899,3.21,500
19,0,7.16,500
19,18,7.16,500
19,39,3.3,500
19,880,3.3,500
20,0,3.21,500
20,21,7.16,500
20,39,7.16,500
20,40,3.21,500
21,1,2.96,500
21,20,7.16,500
21,22,7.15,500
21,41,2.97,500
22,2,2.63,500
22,21,7.15,500
22,23,7.15,500
22,42,2.64,500
23,3,2.34,500
23,22,7.15,500
23,24,7.15,500
23,43,2.34,500
24,4,2.21,500
24,23,7.15,500
24,25,7.15,500
24,44,2.21,500
25,5,2.34,500
25,24,7.15,500
25,26,7.15,500
25,45,2.34,500
26,6,2.64,500
26,25,7.15,500
26,27,7.15,500
26,46,2.63,500
27,7,2.97,500
27,26,7.15,500
27,28,7.16,500
27,47,2.96,500
28,8,3.21,500
28,27,7.16,500
28,29,7.16,500
28,48,3.21,500
29,9,3.3,500
29,28,7.16,500
29,30,7.16,500
29,49,3.3,500
30,10,3.21,500
30,29,7.16,500
30,31,7.16,500
30,50,3.21,500
31,11,2.96,500
31,30,7.16,500
31,32,7.16,500
31,51,2.97,500
32,12,2.63,500
32,31,7.16,500
32,33,7.16,500
32,52,2.64,500
33,13,2.33,500
33,32,7.16,500
33,34,7.16,500
33,53,2.34,500
34,14,2.21,500
34,33,7.16,500
34,35,7.16,500
34,54,2.21,500
35,15,2.34,500
35,34,7.16,500
35,36,7.16,500
35,55,2.33,500
36,16,2.64,500
36,35,7.16,500
36,37,7.16,500
36,56,2.63,500
37,17,2.97,500
37,36,7.16,500
37,38,7.16,500
37,57,2.96,500
38,18,3.21,500
38,37,7.16,500
38,39,7.16,500
38,58,3.21,500
39,19,3.3,500
39,20,7.16,500
39,38,7.16,500
39,59,3.3,500
40,20,3.21,500
40,41,7.16,500
40,59,7.16,500
40,60,3.21,500
41,21,2.97,500
41,40,7.16,500
41,42,7.15,500
41,61,2.98,500
42,22,2.64,500
42,41,7.15,500
42,43,7.15,500
42,62,2.65,500
43,23,2.34,500
43,42,7.15,500
43,44,7.15,500
43,63,2.35,500
44,24,2.21,500
44,43,7.15,500
44,45,7.15,500
44,64,2.21,500
45,25,2.34,500
45,44,7.15,500
45,46,7.15,500
45,65,2.33,500
46,26,2.63,500
46,45,7.15,500
46,47,7.15,500
46,66,2.63,500
47,27,2.96,500
47,46,7.15,500
47,48,7.16,500
47,67,2.96,500
48,28,3.21,500
48,47,7.16,500
48,49,7.16,500
48,68,3.2,500
49,29,3.3,500
49,48,7.16,500
49,50,7.16,500
49,69,3.3,500
50,30,3.21,500
50,49,7.16,500
50,51,7.16,500
50,70,3.21,500
51,31,2.97,500
51,50,7.16,500
51,52,7.16,500
51,71,2.98,500
52,32,2.64,500
52,51,7.16,500
52,53,7.16,500
52,72,2.65,500
53,33,2.34,500
53,52,7.16,500
53,54,7.16,500
53,73,2.34,500
54,34,2.21,500
54,53,7.16,500
54,55,7.16,500
54,74,2.21,500
55,35,2.33,500
55,54,7.16,500
55,56,7.16,500
55,75,2.33,500
56,36,2.63,500
56,55,7.16,500
56,57,7.16,500
56,76,2.62,500
57,37,2.96,500
57,56,7.16,500
57,58,7.16,500
57,77,2.96,500
58,38,3.21,500
58,57,7.16,500
58,59,7.16,500
58,78,3.2,500
59,39,3.3,500
59,40,7.16,500
59,58,7.16,500
59,79,3.3,500
60,40,3.21,500
60,61,7.16,500
60,79,7.16,500
60,80,3.22,500
61,41,2.98,500
61,60,7.16,500
61,62,7.15,500
61,81,2.98,500
62,42,2.65,500
62,61,7.15,500
62,63,7.15,500
62,82,2.66,500
63,43,2.35,500
63,62,7.15,500
63,64,7.15,500
63,83,2.35,500
64,44,2.21,500
64,63,7.15,500
64,65,7.15,500
64,84,2.21,500
65,45,2.33,500
65,64,7.15,500
65,66,7.15,500
65,85,2.32,500
66,46,2.63,500
66,65,7.15,500
66,67,7.15,500
66,86,2.62,500
67,47,2.96,500
67,66,7.15,500
67,68,7.16,500
67,87,2.95,500
68,48,3.2,500
68,67,7.16,500
68,69,7.16,500
68,88,3.2,500
69,49,3.3,500
69,68,7.16,500
69,70,7.16,500
69,89,3.3,500
70,50,3.21,500
70,69,7.16,500
70,71,7.16,500
70,90,3.22,500
71,51,2.98,500
71,70,7.16,500
71,72,7.16,500
71,91,2.98,500
72,52,2.65,500
72,71,7.16,500
72,73,7.16,500
72,92,2.66,500
73,53,2.34,500
73,72,7.16,500
73,74,7.16,500
73,93,2.35,500
74,54,2.21,500
74,73,7.16,500
74,75,7.16,500
74,94,2.21,500
75,55,2.33,500
75,74,7.16,500
75,76,7.16,500
75,95,2.32,500
76,56,2.62,500
76,75,7.16,500
76,77,7.16,500
76,96,2.62,500
77,57,2.96,500
77,76,7.16,500
77,78,7.16,500
77,97,2.95,500
78,58,3.2,500
78,77,7.16,500
78,79,7.16,500
78,98,3.2,500
79,59,3.3,500
79,60,7.16,500
79,78,7.16,500
79,99,3.3,500
80,60,3.22,500
80,81,7.16,500
80,99,7.16,500
80,100,3.22,500
81,61,2.98,500
81,80,7.16,500
81,82,7.15,500
81,101,2.99,500
82,62,2.66,500
82,81,7.15,500
82,83,7.15,500
82,102,2.66,500
83,63,2.35,500
83,82,7.15,500
83,84,7.15,500
83,103,2.36,500
84,64,2.21,500
84,83,7.15,500
84,85,7.15,500
84,104,2.21,500
85,65,2.32,500
85,84,7.15,500
85,86,7.15,500
85,105,2.32,500
86,66,2.62,500
86,85,7.15,500
86,87,7.15,500
86,106,2.61,500
87,67,2.95,500
87,86,7.15,500
87,88,7.16,500
87,107,2.94,500
88,68,3.2,500
88,87,7.16,500
88,89,7.16,500
88,108,3.19,500
89,69,3.3,500
89,88,7.16,500
89,90,7.16,500
89,109,3.3,500
90,70,3.22,500
90,89,7.16,500
90,91,7.16,500
90,110,3.22,500
91,71,2.98,500
91,90,7.16,500
91,92,7.16,500
91,111,2.99,500
92,72,2.66,500
92,91,7.16,500
92,93,7.16,500
92,112,2.66,500
93,73,2.35,500
93,92,7.16,500
93,94,7.16,500
93,113,2.35,500
94,74,2.21,500
94,93,7.16,500
94,95,7.16,500
94,114,2.21,500
95,75,2.32,500
95,94,7.16,500
95,96,7.16,500
95,115,2.32,500
96,76,2.62,500
96,95,7.16,500
96,97,7.16,500
96,116,2.61,500
97,77,2.95,500
97,96,7.16,500
97,98,7.16,500
97,117,2.94,500
98,78,3.2,500
98,97,7.16,500
98,99,7.16,500
98,118,3.19,500
99,79,3.3,500
99,80,7.16,500
99,98,7.16,500
99,119,3.3,500
100,80,3.22,500
100,101,7.16,500
100,119,7.16,500
100,120,3.23,500
101,81,2.99,500
101,100,7.16,500
101,102,7.15,500
101,121,3.0,500
101,913,1.75,371.17
102,82,2.66,500
102,101,7.15,500
102,103,7.15,500
102,122,2.67,500
103,83,2.36,500
103,102,7.15,500
103,104,7.15,500
103,123,2.36,500
104,84,2.21,500
104,103,7.15,500
104,105,7.15,500
104,124,2.21,500
105,85,2.32,500
105,104,7.15,500
105,106,7.15,500
105,125,2.32,500
106,86,2.61,500
106,105,7.15,500
106,107,7.15,500
106,126,2.6,500
107,87,2.94,500
107,106,7.15,500
107,108,7.15,500
107,127,2.94,500
108,88,3.19,500
108,107,7.15,500
108,109,7.16,500
108,128,3.19,500
109,89,3.3,500
109,108,7.16,500
109,110,7.16,500
109,129,3.3,500
110,90,3.22,500
110,109,7.16,500
110,111,7.16,500
110,130,3.23,500
111,91,2.99,500
111,110,7.16,500
111,112,7.16,500
111,131,3.0,500
112,92,2.66,500
112,111,7.16,500
112,113,7.16,500
112,132,2.67,500
113,93,2.35,500
113,112,7.16,500
113,114,7.16,500
113,133,2.36,500
114,94,2.21,500
114,113,7.16,500
114,115,7.16,500
114,134,2.21,500
115,95,2.32,500
115,114,7.16,500
115,116,7.16,500
115,135,2.31,500
116,96,2.61,500
116,115,7.16,500
116,117,7.16,500
116,136,2.6,500
117,97,2.94,500
117,116,7.16,500
117,118,7.16,500
117,137,2.94,500
118,98,3.19,500
118,117,7.16,500
118,119,7.16,500
118,138,3.19,500
119,99,3.3,500
119,100,7.16,500
119,118,7.16,500
119,139,3.3,500
120,100,3.23,500
120,121,7.16,500
120,139,7.16,500
120,140,3.23,500
121,101,3.0,500
121,120,7.16,500
121,122,7.15,500
121,141,3.0,500
122,102,2.67,500
122,121,7.15,500
122,123,7.15,500
122,142,2.68,500
123,103,2.36,500
123,122,7.15,500
123,124,7.15,500
123,143,2.37,500
124,104,2.21,500
124,123,7.15,500
124,125,7.15,500
124,144,2.21,500
125,105,2.32,500
125,124,7.15,500
125,126,7.15,500
125,145,2.31,500
126,106,2.6,500
126,125,7.15,500
126,127,7.15,500
126,146,2.6,500
127,107,2.94,500
127,126,7.15,500
127,128,7.15,500
127,147,2.93,500
128,108,3.19,500
128,127,7.15,500
128,129,7.16,500
128,148,3.19,500
129,109,3.3,500
129,128,7.16,500
129,130,7.16,500
129,149,3.3,500
130,110,3.23,500
130,129,7.16,500
130,131,7.16,500
130,150,3.23,500
131,111,3.0,500
131,130,7.16,500
131,132,7.16,500
131,151,3.0,500
132,112,2.67,500
132,131,7.16,500
132,133,7.16,500
132,152,2.68,500
133,113,2.36,500
133,132,7.16,500
133,134,7.16,500
133,153,2.37,500
134,114,2.21,500
134,133,7.16,500
134,135,7.16,500
134,154,2.21,500
135,115,2.31,500
135,134,7.16,500
135,136,7.16,500
135,155,2.31,500
136,116,2.6,500
136,135,7.16,500
136,137,7.16,500
136,156,2.59,500
137,117,2.94,500
137,136,7.16,500
137,138,7.16,500
137,157,2.93,500
138,118,3.19,500
138,137,7.16,500
138,139,7.16,500
138,158,3.19,500
139,119,3.3,500
139,120,7.16,500
139,138,7.16,500
139,159,3.3,500
140,120,3.23,500
140,141,7.16,500
140,159,7.16,500
140,160,3.23,500
141,121,3.0,500
141,140,7.16,500
141,142,7.15,500
141,161,3.01,500
142,122,2.68,500
142,141,7.15,500
142,143,7.15,500
142,162,2.69,500
143,123,2.37,500
143,142,7.15,500
143,144,7.15,500
143,163,2.37,500
144,124,2.21,500
144,143,7.15,500
144,145,7.15,500
144,164,2.22,500
145,125,2.31,500
145,144,7.15,500
145,146,7.15,500
145,165,2.31,500
146,126,2.6,500
146,145,7.15,500
146,147,7.15,500
146,166,2.59,500
147,127,2.93,500
147,146,7.15,500
147,148,7.15,500
147,167,2.92,500
148,128,3.19,500
148,147,7.15,500
148,149,7.16,500
148,168,3.18,500
149,129,3.3,500
149,148,7.16,500
149,150,7.16,500
149,169,3.29,500
150,130,3.23,500
150,149,7.16,500
150,151,7.16,500
150,170,3.23,500
151,131,3.0,500
151,150,7.16,500
151,152,7.16,500
151,171,3.01,500
152,132,2.68,500
152,151,7.16,500
152,153,7.16,500
152,172,2.69,500
153,133,2.37,500
153,152,7.16,500
153,154,7.16,500
153,173,2.37,500
154,134,2.21,500
154,153,7.16,500
154,155,7.16,500
154,174,2.21,500
155,135,2.31,500
155,154,7.16,500
155,156,7.16,500
155,175,2.3,500
156,136,2.59,500
156,155,7.16,500
156,157,7.16,500
156,176,2.59,500
157,137,2.93,500
157,156,7.16,500
157,158,7.16,500
157,177,2.92,500
158,138,3.19,500
158,157,7.16,500
158,159,7.16,500
158,178,3.18,500
159,139,3.3,500
159,140,7.16,500
159,158,7.16,500
159,179,3.29,500
160,140,3.23,500
160,161,7.16,500
160,179,7.16,500
160,180,3.24,500
161,141,3.01,500
161,160,7.16,500
161,162,7.15,500
161,181,3.02,500
162,142,2.69,500
162,161,7.15,500
162,163,7.15,500
162,182,2.69,500
163,143,2.37,500
163,162,7.15,500
163,164,7.15,500
163,183,2.38,500
164,144,2.22,500
164,163,7.15,500
164,165,7.15,500
164,184,2.22,500
165,145,2.31,500
165,164,7.15,500
165,166,7.15,500
165,185,2.3,500
166,146,2.59,500
166,165,7.15,500
166,167,7.15,500
166,186,2.58,500
167,147,2.92,500
167,166,7.15,500
167,168,7.15,500
167,187,2.92,500
168,148,3.18,500
168,167,7.15,500
168,169,7.16,500
168,188,3.18,500
169,149,3.29,500
169,168,7.16,500
169,170,7.16,500
169,189,3.29,500
170,150,3.23,500
170,169,7.16,500
170,171,7.16,500
170,190,3.24,500
171,151,3.01,500
171,170,7.16,500
171,172,7.16,500
171,191,3.02,500
172,152,2.69,500
172,171,7.16,500
172,173,7.16,500
172,192,2.69,500
173,153,2.37,500
173,172,7.16,500
173,174,7.16,500
173,193,2.38,500
174,154,2.21,500
174,173,7.16,500
174,175,7.16,500
174,194,2.21,500
175,155,2.3,500
175,174,7.16,500
175,176,7.16,500
175,195,2.3,500
176,156,2.59,500
176,175,7.16,500
176,177,7.16,500
176,196,2.58,500
177,157,2.92,500
177,176,7.16,500
177,178,7.16,500
177,197,2.91,500
178,158,3.18,500
178,177,7.16,500
178,179,7.16,500
178,198,3.18,500
179,159,3.29,500
179,160,7.16,500
179,178,7.16,500
179,199,3.29,500
180,160,3.24,500
180,181,7.16,500
180,199,7.16,500
180,200,3.24,500
181,161,3.02,500
181,180,7.16,500
181,182,7.15,500
181,201,3.02,500
182,162,2.69,500
182,181,7.15,500
182,183,7.15,500
182,202,2.7,500
183,163,2.38,500
183,182,7.15,500
183,184,7.15,500
183,203,2.39,500
184,164,2.22,500
184,183,7.15,500
184,185,7.15,500
184,204,2.22,500
185,165,2.3,500
185,184,7.15,500
185,186,7.15,500
185,205,2.3,500
186,166,2.58,500
186,185,7.15,500
186,187,7.15,500
186,206,2.57,500
187,167,2.92,500
187,186,7.15,500
187,188,7.15,500
187,207,2.91,500
188,168,3.18,500
188,187,7.15,500
188,189,7.16,500
188,208,3.17,500
189,169,3.29,500
189,188,7.16,500
189,190,7.16,500
189,209,3.29,500
190,170,3.24,500
190,189,7.16,500
190,191,7.16,500
190,210,3.24,500
191,171,3.02,500
191,190,7.16,500
191,192,7.16,500
191,211,3.02,500
192,172,2.69,500
192,191,7.16,500
192,193,7.16,500
192,212,2.7,500
193,173,2.38,500
193,192,7.16,500
193,194,7.16,500
193,213,2.38,500
194,174,2.21,500
194,193,7.16,500
194,195,7.16,500
194,214,2.21,500
195,175,2.3,500
195,194,7.16,500
195,196,7.16,500
195,215,2.29,500
196,176,2.58,500
196,195,7.16,500
196,197,7.16,500
196,216,2.57,500
197,177,2.91,500
197,196,7.16,500
197,198,7.16,500
197,217,2.91,500
198,178,3.18,500
198,197,7.16,500
198,199,7.16,500
198,218,3.17,500
199,179,3.29,500
199,180,7.16,500
199,198,7.16,500
199,219,3.29,500
200,180,3.24,500
200,201,7.16,500
200,219,7.16,500
200,220,3.24,500
201,181,3.02,500
201,200,7.16,500
201,202,7.15,500
201,221,3.03,500
202,182,2.7,500
202,201,7.15,500
202,203,7.15,500
202,222,2.71,500
203,183,2.39,500
203,202,7.15,500
203,204,7.15,500
203,223,2.39,500
204,184,2.22,500
204,203,7.15,500
204,205,7.15,500
204,224,2.22,500
205,185,2.3,500
205,204,7.15,500
205,206,7.15,500
205,225,2.29,500
206,186,2.57,500
206,205,7.15,500
206,207,7.15,500
206,226,2.57,500
207,187,2.91,500
207,206,7.15,500
207,208,7.15,500
207,227,2.9,500
208,188,3.17,500
208,207,7.15,500
208,209,7.16,500
208,228,3.17,500
209,189,3.29,500
209,208,7.16,500
209,210,7.16,500
209,229,3.29,500
210,190,3.24,500
210,209,7.16,500
210,211,7.16,500
210,230,3.24,500
211,191,3.02,500
211,210,7.16,500
211,212,7.16,500
211,231,3.03,500
212,192,2.7,500
212,211,7.16,500
212,213,7.16,500
212,232,2.71,500
213,193,2.38,500
213,212,7.16,500
213,214,7.16,500
213,233,2.39,500
214,194,2.21,500
214,213,7.16,500
214,215,7.16,500
214,234,2.22,500
215,195,2.29,500
215,214,7.16,500
215,216,7.16,500
215,235,2.29,500
216,196,2.57,500
216,215,7.16,500
216,217,7.16,500
216,236,2.57,500
217,197,2.91,500
217,216,7.16,500
217,218,7.16,500
217,237,2.9,500
218,198,3.17,500
218,217,7.16,500
218,219,7.16,500
218,238,3.17,500
219,199,3.29,500
219,200,7.16,500
219,218,7.16,500
219,239,3.29,500
220,200,3.24,500
220,221,7.16,500
220,239,7.16,500
220,240,3.24,500
221,201,3.03,500
221,220,7.16,500
221,222,7.15,500
221,241,3.03,500
222,202,2.71,500
222,221,7.15,500
222,223,7.15,500
222,242,2.72,500
223,203,2.39,500
223,222,7.15,500
223,224,7.15,500
223,243,2.4,500
224,204,2.22,500
224,223,7.15,500
224,225,7.15,500
224,244,2.22,500
225,205,2.29,500
225,224,7.15,500
225,226,7.15,500
225,245,2.29,500
226,206,2.57,500
226,225,7.15,500
226,227,7.15,500
226,246,2.56,500
227,207,2.9,500
227,226,7.15,500
227,228,7.15,500
227,247,2.89,500
228,208,3.17,500
228,227,7.15,500
228,229,7.16,500
228,248,3.16,500
229,209,3.29,500
229,228,7.16,500
229,230,7.16,500
229,249,3.29,500
230,210,3.24,500
230,229,7.16,500
230,231,7.16,500
230,250,3.24,500
231,211,3.03,500
231,230,7.16,500
231,232,7.16,500
231,251,3.03,500
232,212,2.71,500
232,231,7.16,500
232,233,7.16,500
232,252,2.72,500
233,213,2.39,500
233,232,7.16,500
233,234,7.16,500
233,253,2.4,500
234,214,2.22,500
234,233,7.16,500
234,235,7.16,500
234,254,2.22,500
235,215,2.29,500
235,234,7.16,500
235,236,7.16,500
235,255,2.29,500
236,216,2.57,500
236,235,7.16,500
236,237,7.16,500
236,256,2.56,500
237,217,2.9,500
237,236,7.16,500
237,238,7.16,500
237,257,2.89,500
238,218,3.17,500
238,237,7.16,500
238,239,7.16,500
238,258,3.16,500
239,219,3.29,500
239,220,7.16,500
239,238,7.16,500
239,259,3.29,500
239,921,2.15,172.95
240,220,3.24,500
240,241,7.16,500
240,259,7.16,500
240,260,3.25,500
241,221,3.03,500
241,240,7.16,500
241,242,7.15,500
241,261,3.04,500
242,222,2.72,500
242,241,7.15,500
242,243,7.15,500
242,262,2.72,500
243,223,2.4,500
243,242,7.15,500
243,244,7.15,500
243,263,2.4,500
244,224,2.22,500
244,243,7.15,500
244,245,7.15,500
244,264,2.22,500
245,225,2.29,500
245,244,7.15,500
245,246,7.15,500
245,265,2.28,500
246,226,2.56,500
246,245,7.15,500
246,247,7.15,500
246,266,2.55,500
247,227,2.89,500
247,246,7.15,500
247,248,7.15,500
247,267,2.89,500
248,228,3.16,500
248,247,7.15,500
248,249,7.16,500
248,268,3.16,500
249,229,3.29,500
249,248,7.16,500
249,250,7.16,500
249,269,3.29,500
250,230,3.24,500
250,249,7.16,500
250,251,7.16,500
250,270,3.25,500
251,231,3.03,500
251,250,7.16,500
251,252,7.16,500
251,271,3.04,500
252,232,2.72,500
252,251,7.16,500
252,253,7.16,500
252,272,2.72,500
253,233,2.4,500
253,252,7.16,500
253,254,7.16,500
253,273,2.4,500
254,234,2.22,500
254,253,7.16,500
254,255,7.16,500
254,274,2.22,500
255,235,2.29,500
255,254,7.16,500
255,256,7.16,500
255,275,2.28,500
256,236,2.56,500
256,255,7.16,500
256,257,7.16,500
256,276,2.55,500
257,237,2.89,500
257,256,7.16,500
257,258,7.16,500
257,277,2.89,500
258,238,3.16,500
258,257,7.16,500
258,259,7.16,500
258,278,3.16,500
259,239,3.29,500
259,240,7.16,500
259,258,7.16,500
259,279,3.29,500
260,240,3.25,500
260,261,7.16,500
260,279,7.16,500
260,280,3.25,500
260,911,2.29,177.14
261,241,3.04,500
261,260,7.16,500
261,262,7.15,500
261,281,3.05,500
262,242,2.72,500
262,261,7.15,500
262,263,7.15,500
262,282,2.73,500
263,243,2.4,500
263,262,7.15,500
263,264,7.15,500
263,283,2.41,500
264,244,2.22,500
264,263,7.15,500
264,265,7.15,500
264,284,2.22,500
265,245,2.28,500
265,264,7.15,500
265,266,7.15,500
265,285,2.28,500
266,246,2.55,500
266,265,7.15,500
266,267,7.15,500
266,286,2.54,500
267,247,2.89,500
267,266,7.15,500
267,268,7.15,500
267,287,2.88,500
268,248,3.16,500
268,267,7.15,500
268,269,7.16,500
268,288,3.15,500
269,249,3.29,500
269,268,7.16,500
269,270,7.16,500
269,289,3.29,500
270,250,3.25,500
270,269,7.16,500
270,271,7.16,500
270,290,3.25,500
271,251,3.04,500
271,270,7.16,500
271,272,7.16,500
271,291,3.05,500
272,252,2.72,500
272,271,7.16,500
272,273,7.16,500
272,292,2.73,500
273,253,2.4,500
273,272,7.16,500
273,274,7.16,500
273,293,2.41,500
274,254,2.22,500
274,273,7.16,500
274,275,7.16,500
274,294,2.22,500
275,255,2.28,500
275,274,7.16,500
275,276,7.16,500
275,295,2.28,500
276,256,2.55,500
276,275,7.16,500
276,277,7.16,500
276,296,2.54,500
277,257,2.89,500
277,276,7.16,500
277,278,7.16,500
277,297,2.88,500
278,258,3.16,500
278,277,7.16,500
278,279,7.16,500
278,298,3.15,500
279,259,3.29,500
279,260,7.16,500
279,278,7.16,500
279,299,3.29,500
280,260,3.25,500
280,281,7.16,500
280,299,7.16,500
280,300,3.25,500
281,261,3.05,500
281,280,7.16,500
281,282,7.15,500
281,301,3.05,500
282,262,2.73,500
282,281,7.15,500
282,283,7.15,500
282,302,2.74,500
283,263,2.41,500
283,282,7.15,500
283,284,7.15,500
283,303,2.42,500
284,264,2.22,500
284,283,7.15,500
284,285,7.15,500
284,304,2.22,500
285,265,2.28,500
285,284,7.15,500
285,286,7.15,500
285,305,2.28,500
286,266,2.54,500
286,285,7.15,500
286,287,7.15,500
286,306,2.54,500
287,267,2.88,500
287,286,7.15,500
287,288,7.15,500
287,307,2.87,500
288,268,3.15,500
288,287,7.15,500
288,289,7.16,500
288,308,3.15,500
289,269,3.29,500
289,288,7.16,500
289,290,7.16,500
289,309,3.29,500
290,270,3.25,500
290,289,7.16,500
290,291,7.16,500
290,310,3.25,500
291,271,3.05,500
291,290,7.16,500
291,292,7.16,500
291,311,3.05,500
292,272,2.73,500
292,291,7.16,500
292,293,7.16,500
292,312,2.74,500
293,273,2.41,500
293,292,7.16,500
293,294,7.16,500
293,313,2.41,500
294,274,2.22,500
294,293,7.16,500
294,295,7.16,500
294,314,2.22,500
295,275,2.28,500
295,294,7.16,500
295,296,7.16,500
295,315,2.27,500
296,276,2.54,500
296,295,7.16,500
296,297,7.16,500
296,316,2.54,500
297,277,2.88,500
297,296,7.16,500
297,298,7.16,500
297,317,2.87,500
298,278,3.15,500
298,297,7.16,500
298,299,7.16,500
298,318,3.15,500
299,279,3.29,500
299,280,7.16,500
299,298,7.16,500
299,319,3.29,500
300,280,3.25,500
300,301,7.16,500
300,319,7.16,500
300,320,3.26,500
301,281,3.05,500
301,300,7.16,500
301,302,7.15,500
301,321,3.06,500
302,282,2.74,500
302,301,7.15,500
302,303,7.15,500
302,322,2.75,500
303,283,2.42,500
303,302,7.15,500
303,304,7.15,500
303,323,2.42,500
304,284,2.22,500
304,303,7.15,500
304,305,7.15,500
304,324,2.23,500
305,285,2.28,500
305,304,7.15,500
305,306,7.15,500
305,325,2.27,500
306,286,2.54,500
306,305,7.15,500
306,307,7.15,500
306,326,2.53,500
307,287,2.87,500
307,306,7.15,500
307,308,7.15,500
307,327,2.87,500
308,288,3.15,500
308,307,7.15,500
308,309,7.16,500
308,328,3.15,500
309,289,3.29,500
309,308,7.16,500
309,310,7.16,500
309,329,3.29,500
310,290,3.25,500
310,309,7.16,500
310,311,7.16,500
310,330,3.26,500
311,291,3.05,500
311,310,7.16,500
311,312,7.16,500
311,331,3.06,500
312,292,2.74,500
312,311,7.16,500
312,313,7.16,500
312,332,2.75,500
313,293,2.41,500
313,312,7.16,500
313,314,7.16,500
313,333,2.42,500
314,294,2.22,500
314,313,7.16,500
314,315,7.16,500
314,334,2.22,500
315,295,2.27,500
315,314,7.16,500
315,316,7.16,500
315,335,2.27,500
316,296,2.54,500
316,315,7.16,500
316,317,7.16,500
316,336,2.53,500
317,297,2.87,500
317,316,7.16,500
317,318,7.16,500
317,337,2.86,500
318,298,3.15,500
318,317,7.16,500
318,319,7.16,500
318,338,3.15,500
319,299,3.29,500
319,300,7.16,500
319,318,7.16,500
319,339,3.29,500
320,300,3.26,500
320,321,7.16,500
320,339,7.16,500
320,340,3.26,500
321,301,3.06,500
321,320,7.16,500
321,322,7.15,500
321,341,3.06,500
322,302,2.75,500
322,321,7.15,500
322,323,7.15,500
322,342,2.75,500
323,303,2.42,500
323,322,7.15,500
323,324,7.15,500
323,343,2.43,500
324,304,2.23,500
324,323,7.15,500
324,325,7.15,500
324,344,2.23,500
325,305,2.27,500
325,324,7.15,500
325,326,7.15,500
325,345,2.27,500
326,306,2.53,500
326,325,7.15,500
326,327,7.15,500
326,346,2.52,500
327,307,2.87,500
327,326,7.15,500
327,328,7.15,500
327,347,2.86,500
328,308,3.15,500
328,327,7.15,500
328,329,7.16,500
328,348,3.14,500
329,309,3.29,500
329,328,7.16,500
329,330,7.16,500
329,349,3.29,500
330,310,3.26,500
330,329,7.16,500
330,331,7.16,500
330,350,3.26,500
331,311,3.06,500
331,330,7.16,500
331,332,7.16,500
331,351,3.06,500
332,312,2.75,500
332,331,7.16,500
332,333,7.16,500
332,352,2.75,500
333,313,2.42,500
333,332,7.16,500
333,334,7.16,500
333,353,2.43,500
334,314,2.22,500
334,333,7.16,500
334,335,7.16,500
334,354,2.23,500
334,919,1.64,407.81
335,315,2.27,500
335,334,7.16,500
335,336,7.16,500
335,355,2.27,500
336,316,2.53,500
336,335,7.16,500
336,337,7.16,500
336,356,2.52,500
337,317,2.86,500
337,336,7.16,500
337,338,7.16,500
337,357,2.86,500
338,318,3.15,500
338,337,7.16,500
338,339,7.16,500
338,358,3.14,500
339,319,3.29,500
339,320,7.16,500
339,338,7.16,500
339,359,3.29,500
340,320,3.26,500
340,341,7.16,500
340,359,7.16,500
340,360,3.26,500
341,321,3.06,500
341,340,7.16,500
341,342,7.15,500
341,361,3.07,500
342,322,2.75,500
342,341,7.15,500
342,343,7.15,500
342,362,2.76,500
343,323,2.43,500
343,342,7.15,500
343,344,7.15,500
343,363,2.44,500
344,324,2.23,500
344,343,7.15,500
344,345,7.15,500
344,364,2.23,500
345,325,2.27,500
345,344,7.15,500
345,346,7.15,500
345,365,2.26,500
346,326,2.52,500
346,345,7.15,500
346,347,7.15,500
346,366,2.52,500
347,327,2.86,500
347,346,7.15,500
347,348,7.15,500
347,367,2.85,500
348,328,3.14,500
348,347,7.15,500
348,349,7.16,500
348,368,3.14,500
349,329,3.29,500
349,348,7.16,500
349,350,7.16,500
349,369,3.28,500
350,330,3.26,500
350,349,7.16,500
350,351,7.16,500
350,370,3.26,500
351,331,3.06,500
351,350,7.16,500
351,352,7.16,500
351,371,3.07,500
352,332,2.75,500
352,351,7.16,500
352,353,7.16,500
352,372,2.76,500
353,333,2.43,500
353,352,7.16,500
353,354,7.16,500
353,373,2.43,500
354,334,2.23,500
354,353,7.16,500
354,355,7.16,500
354,374,2.23,500
355,335,2.27,500
355,354,7.16,500
355,356,7.16,500
355,375,2.26,500
356,336,2.52,500
356,355,7.16,500
356,357,7.16,500
356,376,2.51,500
357,337,2.86,500
357,356,7.16,500
357,358,7.16,500
357,377,2.85,500
358,338,3.14,500
358,357,7.16,500
358,359,7.16,500
358,378,3.14,500
359,339,3.29,500
359,340,7.16,500
359,358,7.16,500
359,379,3.28,500
360,340,3.26,500
360,361,7.16,500
360,379,7.16,500
360,380,3.26,500
361,341,3.07,500
361,360,7.16,500
361,362,7.15,500
361,381,3.08,500
362,342,2.76,500
362,361,7.15,500
362,363,7.15,500
362,382,2.77,500
363,343,2.44,500
363,362,7.15,500
363,364,7.15,500
363,383,2.44,500
364,344,2.23,500
364,363,7.15,500
364,365,7.15,500
364,384,2.23,500
365,345,2.26,500
365,364,7.15,500
365,366,7.15,500
365,385,2.26,500
366,346,2.52,500
366,365,7.15,500
366,367,7.15,500
366,386,2.51,500
367,347,2.85,500
367,366,7.15,500
367,368,7.15,500
367,387,2.84,500
368,348,3.14,500
368,367,7.15,500
368,369,7.16,500
368,388,3.13,500
369,349,3.28,500
369,368,7.16,500
369,370,7.16,500
369,389,3.28,500
370,350,3.26,500
370,369,7.16,500
370,371,7.16,500
370,390,3.26,500
371,351,3.07,500
371,370,7.16,500
371,372,7.16,500
371,391,3.08,500
372,352,2.76,500
372,371,7.16,500
372,373,7.16,500
372,392,2.77,500
373,353,2.43,500
373,372,7.16,500
373,374,7.16,500
373,393,2.44,500
373,917,1.64,384.3
374,354,2.23,500
374,373,7.16,500
374,375,7.16,500
374,394,2.23,500
375,355,2.26,500
375,374,7.16,500
375,376,7.16,500
375,395,2.26,500
376,356,2.51,500
376,375,7.16,500
376,377,7.16,500
376,396,2.51,500
377,357,2.85,500
377,376,7.16,500
377,378,7.16,500
377,397,2.84,500
378,358,3.14,500
378,377,7.16,500
378,379,7.16,500
378,398,3.13,500
379,359,3.28,500
379,360,7.16,500
379,378,7.16,500
379,399,3.28,500
380,360,3.26,500
380,381,7.16,500
380,399,7.16,500
380,400,3.27,500
381,361,3.08,500
381,380,7.16,500
381,382,7.15,500
381,401,3.08,500
382,362,2.77,500
382,381,7.15,500
382,383,7.15,500
382,402,2.78,500
383,363,2.44,500
383,382,7.15,500
383,384,7.15,500
383,403,2.45,500
384,364,2.23,500
384,383,7.15,500
384,385,7.15,500
384,404,2.24,500
385,365,2.26,500
385,384,7.15,500
385,386,7.15,500
385,405,2.26,500
386,366,2.51,500
386,385,7.15,500
386,387,7.15,500
386,406,2.5,500
387,367,2.84,500
387,386,7.15,500
387,388,7.15,500
387,407,2.84,500
388,368,3.13,500
388,387,7.15,500
388,389,7.16,500
388,408,3.12,500
389,369,3.28,500
389,388,7.16,500
389,390,7.16,500
389,409,3.28,500
390,370,3.26,500
390,389,7.16,500
390,391,7.16,500
390,410,3.27,500
391,371,3.08,500
391,390,7.16,500
391,392,7.16,500
391,411,3.08,500
392,372,2.77,500
392,391,7.16,500
392,393,7.16,500
392,412,2.78,500
393,373,2.44,500
393,392,7.16,500
393,394,7.16,500
393,413,2.45,500
394,374,2.23,500
394,393,7.16,500
394,395,7.16,500
394,414,2.23,500
395,375,2.26,500
395,394,7.16,500
395,396,7.16,500
395,415,2.25,500
396,376,2.51,500
396,395,7.16,500
396,397,7.16,500
396,416,2.5,500
397,377,2.84,500
397,396,7.16,500
397,398,7.16,500
397,417,2.84,500
398,378,3.13,500
398,397,7.16,500
398,399,7.16,500
398,418,3.13,500
399,379,3.28,500
399,380,7.16,500
399,398,7.16,500
399,419,3.28,500
400,380,3.27,500
400,401,7.16,500
400,419,7.16,500
400,420,3.27,500
401,381,3.08,500
401,400,7.16,500
401,402,7.15,500
401,421,3.09,500
402,382,2.78,500
402,401,7.15,500
402,403,7.15,500
402,422,2.78,500
403,383,2.45,500
403,402,7.15,500
403,404,7.15,500
403,423,2.45,500
404,384,2.24,500
404,403,7.15,500
404,405,7.15,500
404,424,2.24,500
405,385,2.26,500
405,404,7.15,500
405,406,7.15,500
405,425,2.25,500
406,386,2.5,500
406,405,7.15,500
406,407,7.15,500
406,426,2.5,500
407,387,2.84,500
407,406,7.15,500
407,408,7.15,500
407,427,2.83,500
408,388,3.12,500
408,407,7.15,500
408,409,7.16,500
408,428,3.12,500
409,389,3.28,500
409,408,7.16,500
409,410,7.16,500
409,429,3.28,500
410,390,3.27,500
410,409,7.16,500
410,411,7.16,500
410,430,3.27,500
411,391,3.08,500
411,410,7.16,500
411,412,7.16,500
411,431,3.09,500
412,392,2.78,500
412,411,7.16,500
412,413,7.16,500
412,432,2.78,500
413,393,2.45,500
413,412,7.16,500
413,414,7.16,500
413,433,2.45,500
414,394,2.23,500
414,413,7.16,500
414,415,7.16,500
414,434,2.23,500
415,395,2.25,500
415,414,7.16,500
415,416,7.16,500
415,435,2.25,500
416,396,2.5,500
416,415,7.16,500
416,417,7.16,500
416,436,2.49,500
417,397,2.84,500
417,416,7.16,500
417,418,7.16,500
417,437,2.83,500
418,398,3.13,500
418,417,7.16,500
418,419,7.16,500
418,438,3.12,500
419,399,3.28,500
419,400,7.16,500
419,418,7.16,500
419,439,3.28,500
420,400,3.27,500
420,421,7.16,500
420,439,7.16,500
420,440,3.27,500
421,401,3.09,500
421,420,7.16,500
421,422,7.15,500
421,441,3.09,500
422,402,2.78,500
422,421,7.15,500
422,423,7.15,500
422,442,2.79,500
423,403,2.45,500
423,422,7.15,500
423,424,7.15,500
423,443,2.46,500
424,404,2.24,500
424,423,7.15,500
424,425,7.15,500
424,444,2.24,500
425,405,2.25,500
425,424,7.15,500
425,426,7.15,500
425,445,2.25,500
426,406,2.5,500
426,425,7.15,500
426,427,7.15,500
426,446,2.49,500
427,407,2.83,500
427,426,7.15,500
427,428,7.15,500
427,447,2.82,500
428,408,3.12,500
428,427,7.15,500
428,429,7.16,500
428,448,3.11,500
429,409,3.28,500
429,428,7.16,500
429,430,7.16,500
429,449,3.28,500
430,410,3.27,500
430,429,7.16,500
430,431,7.16,500
430,450,3.27,500
431,411,3.09,500
431,430,7.16,500
431,432,7.16,500
431,451,3.09,500
432,412,2.78,500
432,431,7.16,500
432,433,7.16,500
432,452,2.79,500
433,413,2.45,500
433,432,7.16,500
433,434,7.16,500
433,453,2.46,500
434,414,2.23,500
434,433,7.16,500
434,435,7.16,500
434,454,2.24,500
435,415,2.25,500
435,434,7.16,500
435,436,7.16,500
435,455,2.25,500
436,416,2.49,500
436,435,7.16,500
436,437,7.16,500
436,456,2.49,500
437,417,2.83,500
437,436,7.16,500
437,438,7.16,500
437,457,2.82,500
438,418,3.12,500
438,437,7.16,500
438,439,7.16,500
438,458,3.11,500
439,419,3.28,500
439,420,7.16,500
439,438,7.16,500
439,459,3.28,500
440,420,3.27,500
440,441,7.16,500
440,459,7.16,500
440,460,3.27,500
441,421,3.09,500
441,440,7.16,500
441,442,7.15,500
441,461,3.1,500
442,422,2.79,500
442,441,7.15,500
442,443,7.15,500
442,462,2.8,500
442,922,1.71,349.81
443,423,2.46,500
443,442,7.15,500
443,444,7.15,500
443,463,2.47,500
444,424,2.24,500
444,443,7.15,500
444,445,7.15,500
444,464,2.24,500
445,425,2.25,500
445,444,7.15,500
445,446,7.15,500
445,465,2.25,500
446,426,2.49,500
446,445,7.15,500
446,447,7.15,500
446,466,2.48,500
447,427,2.82,500
447,446,7.15,500
447,448,7.15,500
447,467,2.81,500
448,428,3.11,500
448,447,7.15,500
448,449,7.16,500
448,468,3.11,500
449,429,3.28,500
449,448,7.16,500
449,450,7.16,500
449,469,3.28,500
450,430,3.27,500
450,449,7.16,500
450,451,7.16,500
450,470,3.27,500
450,907,2.12,207.96
451,431,3.09,500
451,450,7.16,500
451,452,7.16,500
451,471,3.1,500
452,432,2.79,500
452,451,7.16,500
452,453,7.16,500
452,472,2.8,500
453,433,2.46,500
453,452,7.16,500
453,454,7.16,500
453,473,2.47,500
454,434,2.24,500
454,453,7.16,500
454,455,7.16,500
454,474,2.24,500
455,435,2.25,500
455,454,7.16,500
455,456,7.16,500
455,475,2.25,500
456,436,2.49,500
456,455,7.16,500
456,457,7.16,500
456,476,2.48,500
457,437,2.82,500
457,456,7.16,500
457,458,7.16,500
457,477,2.81,500
458,438,3.11,500
458,457,7.16,500
458,459,7.16,500
458,478,3.11,500
459,439,3.28,500
459,440,7.16,500
459,458,7.16,500
459,479,3.28,500
460,440,3.27,500
460,461,7.16,500
460,479,7.16,500
460,480,3.27,500
461,441,3.1,500
461,460,7.16,500
461,462,7.15,500
461,481,3.1,500
462,442,2.8,500
462,461,7.15,500
462,463,7.15,500
462,482,2.81,500
463,443,2.47,500
463,462,7.15,500
463,464,7.15,500
463,483,2.48,500
464,444,2.24,500
464,463,7.15,500
464,465,7.15,500
464,484,2.25,500
465,445,2.25,500
465,464,7.15,500
465,466,7.15,500
465,485,2.25,500
466,446,2.48,500
466,465,7.15,500
466,467,7.15,500
466,486,2.47,500
467,447,2.81,500
467,466,7.15,500
467,468,7.15,500
467,487,2.81,500
468,448,3.11,500
468,467,7.15,500
468,469,7.16,500
468,488,3.1,500
469,449,3.28,500
469,468,7.16,500
469,470,7.16,500
469,489,3.27,500
470,450,3.27,500
470,469,7.16,500
470,471,7.16,500
470,490,3.27,500
471,451,3.1,500
471,470,7.16,500
471,472,7.16,500
471,491,3.1,500
472,452,2.8,500
472,471,7.16,500
472,473,7.16,500
472,492,2.81,500
473,453,2.47,500
473,472,7.16,500
473,474,7.16,500
473,493,2.47,500
474,454,2.24,500
474,473,7.16,500
474,475,7.16,500
474,494,2.24,500
475,455,2.25,500
475,474,7.16,500
475,476,7.16,500
475,495,2.24,500
476,456,2.48,500
476,475,7.16,500
476,477,7.16,500
476,496,2.47,500
477,457,2.81,500
477,476,7.16,500
477,478,7.16,500
477,497,2.81,500
478,458,3.11,500
478,477,7.16,500
478,479,7.16,500
478,498,3.1,500
479,459,3.28,500
479,460,7.16,500
479,478,7.16,500
479,499,3.27,500
480,460,3.27,500
480,481,7.16,500
480,499,7.16,500
480,500,3.28,500
481,461,3.1,500
481,480,7.16,500
481,482,7.15,500
481,501,3.11,500
482,462,2.81,500
482,481,7.15,500
482,483,7.15,500
482,502,2.81,500
483,463,2.48,500
483,482,7.15,500
483,484,7.15,500
483,503,2.48,500
484,464,2.25,500
484,483,7.15,500
484,485,7.15,500
484,504,2.25,500
485,465,2.25,500
485,484,7.15,500
485,486,7.15,500
485,505,2.24,500
486,466,2.47,500
486,485,7.15,500
486,487,7.15,500
486,506,2.47,500
487,467,2.81,500
487,486,7.15,500
487,488,7.15,500
487,507,2.8,500
488,468,3.1,500
488,487,7.15,500
488,489,7.16,500
488,508,3.1,500
489,469,3.27,500
489,488,7.16,500
489,490,7.16,500
489,509,3.27,500
490,470,3.27,500
490,489,7.16,500
490,491,7.16,500
490,510,3.28,500
491,471,3.1,500
491,490,7.16,500
491,492,7.16,500
491,511,3.11,500
492,472,2.81,500
492,491,7.16,500
492,493,7.16,500
492,512,2.81,500
493,473,2.47,500
493,492,7.16,500
493,494,7.16,500
493,513,2.48,500
494,474,2.24,500
494,493,7.16,500
494,495,7.16,500
494,514,2.25,500
495,475,2.24,500
495,494,7.16,500
495,496,7.16,500
495,515,2.24,500
496,476,2.47,500
496,495,7.16,500
496,497,7.16,500
496,516,2.47,500
496,918,2.14,389.71
497,477,2.81,500
497,496,7.16,500
497,498,7.16,500
497,517,2.8,500
498,478,3.1,500
498,497,7.16,500
498,499,7.16,500
498,518,3.1,500
499,479,3.27,500
499,480,7.16,500
499,498,7.16,500
499,519,3.27,500
500,480,3.28,500
500,501,7.16,500
500,519,7.16,500
500,520,3.28,500
501,481,3.11,500
501,500,7.16,500
501,502,7.15,500
501,521,3.11,500
502,482,2.81,500
502,501,7.15,500
502,503,7.15,500
502,522,2.82,500
503,483,2.48,500
503,502,7.15,500
503,504,7.15,500
503,523,2.49,500
504,484,2.25,500
504,503,7.15,500
504,505,7.15,500
504,524,2.25,500
505,485,2.24,500
505,504,7.15,500
505,506,7.15,500
505,525,2.24,500
506,486,2.47,500
506,505,7.15,500
506,507,7.15,500
506,526,2.46,500
507,487,2.8,500
507,506,7.15,500
507,508,7.15,500
507,527,2.79,500
508,488,3.1,500
508,507,7.15,500
508,509,7.16,500
508,528,3.09,500
509,489,3.27,500
509,508,7.16,500
509,510,7.16,500
509,529,3.27,500
510,490,3.28,500
510,509,7.16,500
510,511,7.16,500
510,530,3.28,500
511,491,3.11,500
511,510,7.16,500
511,512,7.16,500
511,531,3.11,500
512,492,2.81,500
512,511,7.16,500
512,513,7.16,500
512,532,2.82,500
513,493,2.48,500
513,512,7.16,500
513,514,7.16,500
513,533,2.49,500
514,494,2.25,500
514,513,7.16,500
514,515,7.16,500
514,534,2.25,500
515,495,2.24,500
515,514,7.16,500
515,516,7.16,500
515,535,2.24,500
516,496,2.47,500
516,515,7.16,500
516,517,7.16,500
516,536,2.46,500
517,497,2.8,500
517,516,7.16,500
517,518,7.16,500
517,537,2.79,500
517,908,1.7,415.46
518,498,3.1,500
518,517,7.16,500
518,519,7.16,500
518,538,3.09,500
519,499,3.27,500
519,500,7.16,500
519,518,7.16,500
519,539,3.27,500
520,500,3.28,500
520,521,7.16,500
520,539,7.16,500
520,540,3.28,500
521,501,3.11,500
521,520,7.16,500
521,522,7.15,500
521,541,3.12,500
522,502,2.82,500
522,521,7.15,500
522,523,7.15,500
522,542,2.83,500
523,503,2.49,500
523,522,7.15,500
523,524,7.15,500
523,543,2.5,500
524,504,2.25,500
524,523,7.15,500
524,525,7.15,500
524,544,2.25,500
525,505,2.24,500
525,524,7.15,500
525,526,7.15,500
525,545,2.24,500
526,506,2.46,500
526,525,7.15,500
526,527,7.15,500
526,546,2.45,500
527,507,2.79,500
527,526,7.15,500
527,528,7.15,500
527,547,2.78,500
528,508,3.09,500
528,527,7.15,500
528,529,7.16,500
528,548,3.09,500
529,509,3.27,500
529,528,7.16,500
529,530,7.16,500
529,549,3.27,500
530,510,3.28,500
530,529,7.16,500
530,531,7.16,500
530,550,3.28,500
531,511,3.11,500
531,530,7.16,500
531,532,7.16,500
531,551,3.12,500
532,512,2.82,500
532,531,7.16,500
532,533,7.16,500
532,552,2.83,500
533,513,2.49,500
533,532,7.16,500
533,534,7.16,500
533,553,2.49,500
534,514,2.25,500
534,533,7.16,500
534,535,7.16,500
534,554,2.25,500
535,515,2.24,500
535,534,7.16,500
535,536,7.16,500
535,555,2.23,500
536,516,2.46,500
536,535,7.16,500
536,537,7.16,500
536,556,2.45,500
536,914,1.81,356.59
537,517,2.79,500
537,536,7.16,500
537,538,7.16,500
537,557,2.78,500
538,518,3.09,500
538,537,7.16,500
538,539,7.16,500
538,558,3.09,500
539,519,3.27,500
539,520,7.16,500
539,538,7.16,500
539,559,3.27,500
540,520,3.28,500
540,541,7.16,500
540,559,7.16,500
540,560,3.28,500
541,521,3.12,500
541,540,7.16,500
541,542,7.15,500
541,561,3.13,500
542,522,2.83,500
542,541,7.15,500
542,543,7.15,500
542,562,2.84,500
543,523,2.5,500
543,542,7.15,500
543,544,7.15,500
543,563,2.5,500
544,524,2.25,500
544,543,7.15,500
544,545,7.15,500
544,564,2.26,500
545,525,2.24,500
545,544,7.15,500
545,546,7.15,500
545,565,2.23,500
546,526,2.45,500
546,545,7.15,500
546,547,7.15,500
546,566,2.45,500
547,527,2.78,500
547,546,7.15,500
547,548,7.15,500
547,567,2.78,500
548,528,3.09,500
548,547,7.15,500
548,549,7.16,500
548,568,3.08,500
549,529,3.27,500
549,548,7.16,500
549,550,7.16,500
549,569,3.27,500
550,530,3.28,500
550,549,7.16,500
550,551,7.16,500
550,570,3.28,500
551,531,3.12,500
551,550,7.16,500
551,552,7.16,500
551,571,3.13,500
552,532,2.83,500
552,551,7.16,500
552,553,7.16,500
552,572,2.84,500
553,533,2.49,500
553,552,7.16,500
553,554,7.16,500
553,573,2.5,500
553,916,1.8,411.26
554,534,2.25,500
554,553,7.16,500
554,555,7.16,500
554,574,2.26,500
555,535,2.23,500
555,554,7.16,500
555,556,7.16,500
555,575,2.23,500
556,536,2.45,500
556,555,7.16,500
556,557,7.16,500
556,576,2.45,500
557,537,2.78,500
557,556,7.16,500
557,558,7.16,500
557,577,2.78,500
558,538,3.09,500
558,557,7.16,500
558,559,7.16,500
558,578,3.08,500
559,539,3.27,500
559,540,7.16,500
559,558,7.16,500
559,579,3.27,500
560,540,3.28,500
560,561,7.16,500
560,579,7.16,500
560,580,3.28,500
561,541,3.13,500
561,560,7.16,500
561,562,7.15,500
561,581,3.13,500
562,542,2.84,500
562,561,7.15,500
562,563,7.15,500
562,582,2.84,500
563,543,2.5,500
563,562,7.15,500
563,564,7.15,500
563,583,2.51,500
564,544,2.26,500
564,563,7.15,500
564,565,7.15,500
564,584,2.26,500
565,545,2.23,500
565,564,7.15,500
565,566,7.15,500
565,585,2.23,500
566,546,2.45,500
566,565,7.15,500
566,567,7.15,500
566,586,2.44,500
567,547,2.78,500
567,566,7.15,500
567,568,7.15,500
567,587,2.77,500
568,548,3.08,500
568,567,7.15,500
568,569,7.16,500
568,588,3.08,500
569,549,3.27,500
569,568,7.16,500
569,570,7.16,500
569,589,3.26,500
570,550,3.28,500
570,569,7.16,500
570,571,7.16,500
570,590,3.28,500
571,551,3.13,500
571,570,7.16,500
571,572,7.16,500
571,591,3.13,500
572,552,2.84,500
572,571,7.16,500
572,573,7.16,500
572,592,2.84,500
573,553,2.5,500
573,572,7.16,500
573,574,7.16,500
573,593,2.51,500
574,554,2.26,500
574,573,7.16,500
574,575,7.16,500
574,594,2.26,500
575,555,2.23,500
575,574,7.16,500
575,576,7.16,500
575,595,2.23,500
576,556,2.45,500
576,575,7.16,500
576,577,7.16,500
576,596,2.44,500
576,905,2.12,323.07
577,557,2.78,500
577,576,7.16,500
577,578,7.16,500
577,597,2.77,500
577,920,2.61,241.61
578,558,3.08,500
578,577,7.16,500
578,579,7.16,500
578,598,3.08,500
579,559,3.27,500
579,560,7.16,500
579,578,7.16,500
579,599,3.26,500
580,560,3.28,500
580,581,7.16,500
580,599,7.16,500
580,600,3.28,500
581,561,3.13,500
581,580,7.16,500
581,582,7.15,500
581,601,3.14,500
582,562,2.84,500
582,581,7.15,500
582,583,7.15,500
582,602,2.85,500
583,563,2.51,500
583,582,7.15,500
583,584,7.15,500
583,603,2.52,500
584,564,2.26,500
584,583,7.15,500
584,585,7.15,500
584,604,2.26,500
585,565,2.23,500
585,584,7.15,500
585,586,7.15,500
585,605,2.23,500
586,566,2.44,500
586,585,7.15,500
586,587,7.15,500
586,606,2.43,500
587,567,2.77,500
587,586,7.15,500
587,588,7.15,500
587,607,2.76,500
588,568,3.08,500
588,587,7.15,500
588,589,7.16,500
588,608,3.07,500
589,569,3.26,500
589,588,7.16,500
589,590,7.16,500
589,609,3.26,500
590,570,3.28,500
590,589,7.16,500
590,591,7.16,500
590,610,3.28,500
591,571,3.13,500
591,590,7.16,500
591,592,7.16,500
591,611,3.14,500
592,572,2.84,500
592,591,7.16,500
592,593,7.16,500
592,612,2.85,500
593,573,2.51,500
593,592,7.16,500
593,594,7.16,500
593,613,2.52,500
594,574,2.26,500
594,593,7.16,500
594,595,7.16,500
594,614,2.26,500
595,575,2.23,500
595,594,7.16,500
595,596,7.16,500
595,615,2.23,500
596,576,2.44,500
596,595,7.16,500
596,597,7.16,500
596,616,2.43,500
597,577,2.77,500
597,596,7.16,500
597,598,7.16,500
597,617,2.76,500
598,578,3.08,500
598,597,7.16,500
598,599,7.16,500
598,618,3.07,500
598,903,1.91,447.09
599,579,3.26,500
599,580,7.16,500
599,598,7.16,500
599,619,3.26,500
600,580,3.28,500
600,601,7.16,500
600,619,7.16,500
600,620,3.29,500
601,581,3.14,500
601,600,7.16,500
601,602,7.15,500
601,621,3.14,500
602,582,2.85,500
602,601,7.15,500
602,603,7.15,500
602,622,2.86,500
603,583,2.52,500
603,602,7.15,500
603,604,7.15,500
603,623,2.52,500
604,584,2.26,500
604,603,7.15,500
604,605,7.15,500
604,624,2.27,500
605,585,2.23,500
605,604,7.15,500
605,606,7.15,500
605,625,2.23,500
606,586,2.43,500
606,605,7.15,500
606,607,7.15,500
606,626,2.43,500
607,587,2.76,500
607,606,7.15,500
607,608,7.15,500
607,627,2.75,500
608,588,3.07,500
608,607,7.15,500
608,609,7.16,500
608,628,3.06,500
609,589,3.26,500
609,608,7.16,500
609,610,7.16,500
609,629,3.26,500
610,590,3.28,500
610,609,7.16,500
610,611,7.16,500
610,630,3.29,500
611,591,3.14,500
611,610,7.16,500
611,612,7.16,500
611,631,3.14,500
612,592,2.85,500
612,611,7.16,500
612,613,7.16,500
612,632,2.86,500
613,593,2.52,500
613,612,7.16,500
613,614,7.16,500
613,633,2.52,500
614,594,2.26,500
614,613,7.16,500
614,615,7.16,500
614,634,2.27,500
615,595,2.23,500
615,614,7.16,500
615,616,7.16,500
615,635,2.23,500
616,596,2.43,500
616,615,7.16,500
616,617,7.16,500
616,636,2.43,500
617,597,2.76,500
617,616,7.16,500
617,618,7.16,500
617,637,2.75,500
618,598,3.07,500
618,617,7.16,500
618,619,7.16,500
618,638,3.06,500
619,599,3.26,500
619,600,7.16,500
619,618,7.16,500
619,639,3.26,500
620,600,3.29,500
620,621,7.16,500
620,639,7.16,500
620,640,3.29,500
621,601,3.14,500
621,620,7.16,500
621,622,7.15,500
621,641,3.15,500
622,602,2.86,500
622,621,7.15,500
622,623,7.15,500
622,642,2.87,500
623,603,2.52,500
623,622,7.15,500
623,624,7.15,500
623,643,2.53,500
624,604,2.27,500
624,623,7.15,500
624,625,7.15,500
624,644,2.27,500
625,605,2.23,500
625,624,7.15,500
625,626,7.15,500
625,645,2.23,500
626,606,2.43,500
626,625,7.15,500
626,627,7.15,500
626,646,2.42,500
627,607,2.75,500
627,626,7.15,500
627,628,7.15,500
627,647,2.75,500
628,608,3.06,500
628,627,7.15,500
628,629,7.16,500
628,648,3.06,500
629,609,3.26,500
629,628,7.16,500
629,630,7.16,500
629,649,3.26,500
630,610,3.29,500
630,629,7.16,500
630,631,7.16,500
630,650,3.29,500
631,611,3.14,500
631,630,7.16,500
631,632,7.16,500
631,651,3.15,500
632,612,2.86,500
632,631,7.16,500
632,633,7.16,500
632,652,2.87,500
633,613,2.52,500
633,632,7.16,500
633,634,7.16,500
633,653,2.53,500
633,906,1.66,400.65
634,614,2.27,500
634,633,7.16,500
634,635,7.16,500
634,654,2.27,500
635,615,2.23,500
635,634,7.16,500
635,636,7.16,500
635,655,2.22,500
636,616,2.43,500
636,635,7.16,500
636,637,7.16,500
636,656,2.42,500
637,617,2.75,500
637,636,7.16,500
637,638,7.16,500
637,657,2.75,500
638,618,3.06,500
638,637,7.16,500
638,639,7.16,500
638,658,3.06,500
639,619,3.26,500
639,620,7.16,500
639,638,7.16,500
639,659,3.26,500
640,620,3.29,500
640,641,7.16,500
640,659,7.16,500
640,660,3.29,500
641,621,3.15,500
641,640,7.16,500
641,642,7.15,500
641,661,3.15,500
642,622,2.87,500
642,641,7.15,500
642,643,7.15,500
642,662,2.87,500
643,623,2.53,500
643,642,7.15,500
643,644,7.15,500
643,663,2.54,500
644,624,2.27,500
644,643,7.15,500
644,645,7.15,500
644,664,2.28,500
645,625,2.23,500
645,644,7.15,500
645,646,7.15,500
645,665,2.22,500
646,626,2.42,500
646,645,7.15,500
646,647,7.15,500
646,666,2.42,500
647,627,2.75,500
647,646,7.15,500
647,648,7.15,500
647,667,2.74,500
648,628,3.06,500
648,647,7.15,500
648,649,7.16,500
648,668,3.05,500
649,629,3.26,500
649,648,7.16,500
649,650,7.16,500
649,669,3.25,500
650,630,3.29,500
650,649,7.16,500
650,651,7.16,500
650,670,3.29,500
651,631,3.15,500
651,650,7.16,500
651,652,7.16,500
651,671,3.15,500
651,902,1.9,196.98
652,632,2.87,500
652,651,7.16,500
652,653,7.16,500
652,672,2.87,500
653,633,2.53,500
653,652,7.16,500
653,654,7.16,500
653,673,2.54,500
654,634,2.27,500
654,653,7.16,500
654,655,7.16,500
654,674,2.27,500
655,635,2.22,500
655,654,7.16,500
655,656,7.16,500
655,675,2.22,500
656,636,2.42,500
656,655,7.16,500
656,657,7.16,500
656,676,2.41,500
657,637,2.75,500
657,656,7.16,500
657,658,7.16,500
657,677,2.74,500
658,638,3.06,500
658,657,7.16,500
658,659,7.16,500
658,678,3.05,500
659,639,3.26,500
659,640,7.16,500
659,658,7.16,500
659,679,3.25,500
660,640,3.29,500
660,661,7.16,500
660,679,7.16,500
660,680,3.29,500
661,641,3.15,500
661,660,7.16,500
661,662,7.15,500
661,681,3.15,500
662,642,2.87,500
662,661,7.15,500
662,663,7.15,500
662,682,2.88,500
663,643,2.54,500
663,662,7.15,500
663,664,7.15,500
663,683,2.55,500
664,644,2.28,500
664,663,7.15,500
664,665,7.15,500
664,684,2.28,500
665,645,2.22,500
665,664,7.15,500
665,666,7.15,500
665,685,2.22,500
666,646,2.42,500
666,665,7.15,500
666,667,7.15,500
666,686,2.41,500
667,647,2.74,500
667,666,7.15,500
667,668,7.15,500
667,687,2.73,500
668,648,3.05,500
668,667,7.15,500
668,669,7.16,500
668,688,3.05,500
669,649,3.25,500
669,668,7.16,500
669,670,7.16,500
669,689,3.25,500
670,650,3.29,500
670,669,7.16,500
670,671,7.16,500
670,690,3.29,500
671,651,3.15,500
671,670,7.16,500
671,672,7.16,500
671,691,3.16,500
672,652,2.87,500
672,671,7.16,500
672,673,7.16,500
672,692,2.88,500
673,653,2.54,500
673,672,7.16,500
673,674,7.16,500
673,693,2.54,500
674,654,2.27,500
674,673,7.16,500
674,675,7.16,500
674,694,2.28,500
675,655,2.22,500
675,674,7.16,500
675,676,7.16,500
675,695,2.22,500
675,912,1.98,393.25
676,656,2.41,500
676,675,7.16,500
676,677,7.16,500
676,696,2.41,500
677,657,2.74,500
677,676,7.16,500
677,678,7.16,500
677,697,2.73,500
678,658,3.05,500
678,677,7.16,500
678,679,7.16,500
678,698,3.05,500
679,659,3.25,500
679,660,7.16,500
679,678,7.16,500
679,699,3.25,500
680,660,3.29,500
680,681,7.16,500
680,699,7.16,500
680,700,3.29,500
681,661,3.15,500
681,680,7.16,500
681,682,7.15,500
681,701,3.16,500
682,662,2.88,500
682,681,7.15,500
682,683,7.15,500
682,702,2.89,500
683,663,2.55,500
683,682,7.15,500
683,684,7.15,500
683,703,2.55,500
684,664,2.28,500
684,683,7.15,500
684,685,7.15,500
684,704,2.28,500
685,665,2.22,500
685,684,7.15,500
685,686,7.15,500
685,705,2.22,500
686,666,2.41,500
686,685,7.15,500
686,687,7.15,500
686,706,2.4,500
687,667,2.73,500
687,686,7.15,500
687,688,7.15,500
687,707,2.72,500
688,668,3.05,500
688,687,7.15,500
688,689,7.16,500
688,708,3.04,500
689,669,3.25,500
689,688,7.16,500
689,690,7.16,500
689,709,3.25,500
690,670,3.29,500
690,689,7.16,500
690,691,7.16,500
690,710,3.29,500
691,671,3.16,500
691,690,7.16,500
691,692,7.16,500
691,711,3.16,500
692,672,2.88,500
692,691,7.16,500
692,693,7.16,500
692,712,2.89,500
693,673,2.54,500
693,692,7.16,500
693,694,7.16,500
693,713,2.55,500
694,674,2.28,500
694,693,7.16,500
694,695,7.16,500
694,714,2.28,500
695,675,2.22,500
695,694,7.16,500
695,696,7.16,500
695,715,2.22,500
695,910,1.76,405.75
696,676,2.41,500
696,695,7.16,500
696,697,7.16,500
696,716,2.4,500
697,677,2.73,500
697,696,7.16,500
697,698,7.16,500
697,717,2.72,500
698,678,3.05,500
698,697,7.16,500
698,699,7.16,500
698,718,3.04,500
699,679,3.25,500
699,680,7.16,500
699,698,7.16,500
699,719,3.25,500
700,680,3.29,500
700,701,7.16,500
700,719,7.16,500
700,720,3.29,500
701,681,3.16,500
701,700,7.16,500
701,702,7.15,500
701,721,3.16,500
702,682,2.89,500
702,701,7.15,500
702,703,7.15,500
702,722,2.89,500
703,683,2.55,500
703,702,7.15,500
703,704,7.15,500
703,723,2.56,500
704,684,2.28,500
704,703,7.15,500
704,705,7.15,500
704,724,2.29,500
705,685,2.22,500
705,704,7.15,500
705,706,7.15,500
705,725,2.22,500
706,686,2.4,500
706,705,7.15,500
706,707,7.15,500
706,726,2.4,500
707,687,2.72,500
707,706,7.15,500
707,708,7.15,500
707,727,2.72,500
707,923,1.92,376.21
708,688,3.04,500
708,707,7.15,500
708,709,7.16,500
708,728,3.03,500
709,689,3.25,500
709,708,7.16,500
709,710,7.16,500
709,729,3.24,500
710,690,3.29,500
710,709,7.16,500
710,711,7.16,500
710,730,3.29,500
711,691,3.16,500
711,710,7.16,500
711,712,7.16,500
711,731,3.16,500
712,692,2.89,500
712,711,7.16,500
712,713,7.16,500
712,732,2.89,500
713,693,2.55,500
713,712,7.16,500
713,714,7.16,500
713,733,2.56,500
714,694,2.28,500
714,713,7.16,500
714,715,7.16,500
714,734,2.29,500
715,695,2.22,500
715,714,7.16,500
715,716,7.16,500
715,735,2.22,500
716,696,2.4,500
716,715,7.16,500
716,717,7.16,500
716,736,2.39,500
717,697,2.72,500
717,716,7.16,500
717,718,7.16,500
717,737,2.72,500
718,698,3.04,500
718,717,7.16,500
718,719,7.16,500
718,738,3.03,500
719,699,3.25,500
719,700,7.16,500
719,718,7.16,500
719,739,3.24,500
720,700,3.29,500
720,721,7.16,500
720,739,7.16,500
720,740,3.29,500
721,701,3.16,500
721,720,7.16,500
721,722,7.15,500
721,741,3.17,500
722,702,2.89,500
722,721,7.15,500
722,723,7.15,500
722,742,2.9,500
723,703,2.56,500
723,722,7.15,500
723,724,7.15,500
723,743,2.57,500
724,704,2.29,500
724,723,7.15,500
724,725,7.15,500
724,744,2.29,500
725,705,2.22,500
725,724,7.15,500
725,726,7.15,500
725,745,2.22,500
726,706,2.4,500
726,725,7.15,500
726,727,7.15,500
726,746,2.39,500
727,707,2.72,500
727,726,7.15,500
727,728,7.15,500
727,747,2.71,500
728,708,3.03,500
728,727,7.15,500
728,729,7.16,500
728,748,3.03,500
729,709,3.24,500
729,728,7.16,500
729,730,7.16,500
729,749,3.24,500
730,710,3.29,500
730,729,7.16,500
730,731,7.16,500
730,750,3.29,500
731,711,3.16,500
731,730,7.16,500
731,732,7.16,500
731,751,3.17,500
732,712,2.89,500
732,731,7.16,500
732,733,7.16,500
732,752,2.9,500
733,713,2.56,500
733,732,7.16,500
733,734,7.16,500
733,753,2.57,500
734,714,2.29,500
734,733,7.16,500
734,735,7.16,500
734,754,2.29,500
735,715,2.22,500
735,734,7.16,500
735,736,7.16,500
735,755,2.22,500
736,716,2.39,500
736,735,7.16,500
736,737,7.16,500
736,756,2.39,500
737,717,2.72,500
737,736,7.16,500
737,738,7.16,500
737,757,2.71,500
738,718,3.03,500
738,737,7.16,500
738,739,7.16,500
738,758,3.03,500
739,719,3.24,500
739,720,7.16,500
739,738,7.16,500
739,759,3.24,500
740,720,3.29,500
740,741,7.16,500
740,759,7.16,500
740,760,3.29,500
741,721,3.17,500
741,740,7.16,500
741,742,7.15,500
741,761,3.17,500
742,722,2.9,500
742,741,7.15,500
742,743,7.15,500
742,762,2.91,500
743,723,2.57,500
743,742,7.15,500
743,744,7.15,500
743,763,2.57,500
744,724,2.29,500
744,743,7.15,500
744,745,7.15,500
744,764,2.3,500
745,725,2.22,500
745,744,7.15,500
745,746,7.15,500
745,765,2.22,500
746,726,2.39,500
746,745,7.15,500
746,747,7.15,500
746,766,2.39,500
747,727,2.71,500
747,746,7.15,500
747,748,7.15,500
747,767,2.7,500
748,728,3.03,500
748,747,7.15,500
748,749,7.16,500
748,768,3.02,500
749,729,3.24,500
749,748,7.16,500
749,750,7.16,500
749,769,3.24,500
750,730,3.29,500
750,749,7.16,500
750,751,7.16,500
750,770,3.29,500
751,731,3.17,500
751,750,7.16,500
751,752,7.16,500
751,771,3.17,500
752,732,2.9,500
752,751,7.16,500
752,753,7.16,500
752,772,2.91,500
753,733,2.57,500
753,752,7.16,500
753,754,7.16,500
753,773,2.57,500
754,734,2.29,500
754,753,7.16,500
754,755,7.16,500
754,774,2.29,500
755,735,2.22,500
755,754,7.16,500
755,756,7.16,500
755,775,2.21,500
756,736,2.39,500
756,755,7.16,500
756,757,7.16,500
756,776,2.38,500
757,737,2.71,500
757,756,7.16,500
757,758,7.16,500
757,777,2.7,500
758,738,3.03,500
758,757,7.16,500
758,759,7.16,500
758,778,3.02,500
759,739,3.24,500
759,740,7.16,500
759,758,7.16,500
759,779,3.24,500
760,740,3.29,500
760,761,7.16,500
760,779,7.16,500
760,780,3.29,500
761,741,3.17,500
761,760,7.16,500
761,762,7.15,500
761,781,3.18,500
762,742,2.91,500
762,761,7.15,500
762,763,7.15,500
762,782,2.92,500
763,743,2.57,500
763,762,7.15,500
763,764,7.15,500
763,783,2.58,500
764,744,2.3,500
764,763,7.15,500
764,765,7.15,500
764,784,2.3,500
765,745,2.22,500
765,764,7.15,500
765,766,7.15,500
765,785,2.22,500
766,746,2.39,500
766,765,7.15,500
766,767,7.15,500
766,786,2.38,500
767,747,2.7,500
767,766,7.15,500
767,768,7.15,500
767,787,2.69,500
768,748,3.02,500
768,767,7.15,500
768,769,7.16,500
768,788,3.02,500
769,749,3.24,500
769,768,7.16,500
769,770,7.16,500
769,789,3.23,500
770,750,3.29,500
770,769,7.16,500
770,771,7.16,500
770,790,3.29,500
771,751,3.17,500
771,770,7.16,500
771,772,7.16,500
771,791,3.18,500
772,752,2.91,500
772,771,7.16,500
772,773,7.16,500
772,792,2.92,500
773,753,2.57,500
773,772,7.16,500
773,774,7.16,500
773,793,2.58,500
774,754,2.29,500
774,773,7.16,500
774,775,7.16,500
774,794,2.3,500
775,755,2.21,500
775,774,7.16,500
775,776,7.16,500
775,795,2.21,500
775,909,2.75,344.17
776,756,2.38,500
776,775,7.16,500
776,777,7.16,500
776,796,2.38,500
777,757,2.7,500
777,776,7.16,500
777,778,7.16,500
777,797,2.69,500
778,758,3.02,500
778,777,7.16,500
778,779,7.16,500
778,798,3.02,500
779,759,3.24,500
779,760,7.16,500
779,778,7.16,500
779,799,3.24,500
780,760,3.29,500
780,781,7.16,500
780,799,7.16,500
780,800,3.29,500
781,761,3.18,500
781,780,7.16,500
781,782,7.15,500
781,801,3.18,500
782,762,2.92,500
782,781,7.15,500
782,783,7.15,500
782,802,2.92,500
783,763,2.58,500
783,782,7.15,500
783,784,7.15,500
783,803,2.59,500
784,764,2.3,500
784,783,7.15,500
784,785,7.15,500
784,804,2.31,500
785,765,2.22,500
785,784,7.15,500
785,786,7.15,500
785,805,2.22,500
786,766,2.38,500
786,785,7.15,500
786,787,7.15,500
786,806,2.37,500
787,767,2.69,500
787,786,7.15,500
787,788,7.15,500
787,807,2.69,500
788,768,3.02,500
788,787,7.15,500
788,789,7.16,500
788,808,3.01,500
789,769,3.23,500
789,788,7.16,500
789,790,7.16,500
789,809,3.23,500
790,770,3.29,500
790,789,7.16,500
790,791,7.16,500
790,810,3.29,500
791,771,3.18,500
791,790,7.16,500
791,792,7.16,500
791,811,3.18,500
792,772,2.92,500
792,791,7.16,500
792,793,7.16,500
792,812,2.92,500
793,773,2.58,500
793,792,7.16,500
793,794,7.16,500
793,813,2.59,500
794,774,2.3,500
794,793,7.16,500
794,795,7.16,500
794,814,2.3,500
795,775,2.21,500
795,794,7.16,500
795,796,7.16,500
795,815,2.21,500
796,776,2.38,500
796,795,7.16,500
796,797,7.16,500
796,816,2.37,500
797,777,2.69,500
797,796,7.16,500
797,798,7.16,500
797,817,2.69,500
798,778,3.02,500
798,797,7.16,500
798,799,7.16,500
798,818,3.01,500
799,779,3.24,500
799,780,7.16,500
799,798,7.16,500
799,819,3.23,500
800,780,3.29,500
800,801,7.16,500
800,819,7.16,500
800,820,3.3,500
801,781,3.18,500
801,800,7.16,500
801,802,7.15,500
801,821,3.19,500
802,782,2.92,500
802,801,7.15,500
802,803,7.15,500
802,822,2.93,500
803,783,2.59,500
803,802,7.15,500
803,804,7.15,500
803,823,2.6,500
804,784,2.31,500
804,803,7.15,500
804,805,7.15,500
804,824,2.31,500
805,785,2.22,500
805,804,7.15,500
805,806,7.15,500
805,825,2.21,500
806,786,2.37,500
806,805,7.15,500
806,807,7.15,500
806,826,2.37,500
807,787,2.69,500
807,806,7.15,500
807,808,7.15,500
807,827,2.68,500
808,788,3.01,500
808,807,7.15,500
808,809,7.16,500
808,828,3.0,500
809,789,3.23,500
809,808,7.16,500
809,810,7.16,500
809,829,3.23,500
810,790,3.29,500
810,809,7.16,500
810,811,7.16,500
810,830,3.3,500
811,791,3.18,500
811,810,7.16,500
811,812,7.16,500
811,831,3.19,500
812,792,2.92,500
812,811,7.16,500
812,813,7.16,500
812,832,2.93,500
813,793,2.59,500
813,812,7.16,500
813,814,7.16,500
813,833,2.6,500
814,794,2.3,500
814,813,7.16,500
814,815,7.16,500
814,834,2.31,500
815,795,2.21,500
815,814,7.16,500
815,816,7.16,500
815,835,2.21,500
816,796,2.37,500
816,815,7.16,500
816,817,7.16,500
816,836,2.37,500
817,797,2.69,500
817,816,7.16,500
817,818,7.16,500
817,837,2.68,500
818,798,3.01,500
818,817,7.16,500
818,819,7.16,500
818,838,3.0,500
819,799,3.23,500
819,800,7.16,500
819,818,7.16,500
819,839,3.23,500
820,800,3.3,500
820,821,7.16,500
820,839,7.16,500
820,840,3.3,500
821,801,3.19,500
821,820,7.16,500
821,822,7.15,500
821,841,3.19,500
822,802,2.93,500
822,821,7.15,500
822,823,7.15,500
822,842,2.94,500
822,901,2.56,255.22
823,803,2.6,500
823,822,7.15,500
823,824,7.15,500
823,843,2.6,500
824,804,2.31,500
824,823,7.15,500
824,825,7.15,500
824,844,2.32,500
825,805,2.21,500
825,824,7.15,500
825,826,7.15,500
825,845,2.21,500
826,806,2.37,500
826,825,7.15,500
826,827,7.15,500
826,846,2.36,500
827,807,2.68,500
827,826,7.15,500
827,828,7.15,500
827,847,2.67,500
828,808,3.0,500
828,827,7.15,500
828,829,7.16,500
828,848,3.0,500
829,809,3.23,500
829,828,7.16,500
829,830,7.16,500
829,849,3.22,500
830,810,3.3,500
830,829,7.16,500
830,831,7.16,500
830,850,3.3,500
831,811,3.19,500
831,830,7.16,500
831,832,7.16,500
831,851,3.19,500
832,812,2.93,500
832,831,7.16,500
832,833,7.16,500
832,852,2.94,500
833,813,2.6,500
833,832,7.16,500
833,834,7.16,500
833,853,2.6,500
833,904,1.72,334.08
834,814,2.31,500
834,833,7.16,500
834,835,7.16,500
834,854,2.31,500
835,815,2.21,500
835,834,7.16,500
835,836,7.16,500
835,855,2.21,500
836,816,2.37,500
836,835,7.16,500
836,837,7.16,500
836,856,2.36,500
837,817,2.68,500
837,836,7.16,500
837,838,7.16,500
837,857,2.67,500
838,818,3.0,500
838,837,7.16,500
838,839,7.16,500
838,858,3.0,500
839,819,3.23,500
839,820,7.16,500
839,838,7.16,500
839,859,3.23,500
840,820,3.3,500
840,841,7.16,500
840,859,7.16,500
840,860,3.3,500
841,821,3.19,500
841,840,7.16,500
841,842,7.15,500
841,861,3.19,500
842,822,2.94,500
842,841,7.15,500
842,843,7.15,500
842,862,2.94,500
843,823,2.6,500
843,842,7.15,500
843,844,7.15,500
843,863,2.61,500
844,824,2.32,500
844,843,7.15,500
844,845,7.15,500
844,864,2.32,500
845,825,2.21,500
845,844,7.15,500
845,846,7.15,500
845,865,2.21,500
846,826,2.36,500
846,845,7.15,500
846,847,7.15,500
846,866,2.36,500
847,827,2.67,500
847,846,7.15,500
847,848,7.15,500
847,867,2.66,500
848,828,3.0,500
848,847,7.15,500
848,849,7.16,500
848,868,2.99,500
849,829,3.22,500
849,848,7.16,500
849,850,7.16,500
849,869,3.22,500
850,830,3.3,500
850,849,7.16,500
850,851,7.16,500
850,870,3.3,500
851,831,3.19,500
851,850,7.16,500
851,852,7.16,500
851,871,3.2,500
852,832,2.94,500
852,851,7.16,500
852,853,7.16,500
852,872,2.94,500
853,833,2.6,500
853,852,7.16,500
853,854,7.16,500
853,873,2.61,500
854,834,2.31,500
854,853,7.16,500
854,855,7.16,500
854,874,2.32,500
855,835,2.21,500
855,854,7.16,500
855,856,7.16,500
855,875,2.21,500
856,836,2.36,500
856,855,7.16,500
856,857,7.16,500
856,876,2.35,500
857,837,2.67,500
857,856,7.16,500
857,858,7.16,500
857,877,2.66,500
858,838,3.0,500
858,857,7.16,500
858,859,7.16,500
858,878,2.99,500
859,839,3.23,500
859,840,7.16,500
859,858,7.16,500
859,879,3.22,500
860,840,3.3,500
860,861,7.16,500
860,879,7.16,500
860,880,3.3,500
861,841,3.19,500
861,860,7.16,500
861,862,7.16,500
861,881,3.2,500
862,842,2.94,500
862,861,7.16,500
862,863,7.15,500
862,882,2.95,500
863,843,2.61,500
863,862,7.15,500
863,864,7.15,500
863,883,2.62,500
864,844,2.32,500
864,863,7.15,500
864,865,7.15,500
864,884,2.33,500
865,845,2.21,500
865,864,7.15,500
865,866,7.15,500
865,885,2.21,500
866,846,2.36,500
866,865,7.15,500
866,867,7.15,500
866,886,2.35,500
867,847,2.66,500
867,866,7.15,500
867,868,7.15,500
867,887,2.66,500
868,848,2.99,500
868,867,7.15,500
868,869,7.16,500
868,888,2.98,500
869,849,3.22,500
869,868,7.16,500
869,870,7.16,500
869,889,3.22,500
870,850,3.3,500
870,869,7.16,500
870,871,7.16,500
870,890,3.3,500
871,851,3.2,500
871,870,7.16,500
871,872,7.16,500
871,891,3.2,500
872,852,2.94,500
872,871,7.16,500
872,873,7.16,500
872,892,2.95,500
873,853,2.61,500
873,872,7.16,500
873,874,7.16,500
873,893,2.62,500
874,854,2.32,500
874,873,7.16,500
874,875,7.16,500
874,894,2.32,500
875,855,2.21,500
875,874,7.16,500
875,876,7.16,500
875,895,2.21,500
876,856,2.35,500
876,875,7.16,500
876,877,7.16,500
876,896,2.35,500
877,857,2.66,500
877,876,7.16,500
877,878,7.16,500
877,897,2.66,500
878,858,2.99,500
878,877,7.16,500
878,879,7.16,500
878,898,2.98,500
879,859,3.22,500
879,860,7.16,500
879,878,7.16,500
879,899,3.22,500
880,19,3.3,500
880,860,3.3,500
880,881,7.16,500
880,899,7.16,500
881,0,3.2,500
881,861,3.2,500
881,880,7.16,500
881,882,7.16,500
882,1,2.96,500
882,862,2.95,500
882,881,7.16,500
882,883,7.15,500
883,2,2.63,500
883,863,2.62,500
883,882,7.15,500
883,884,7.15,500
884,3,2.33,500
884,864,2.33,500
884,883,7.15,500
884,885,7.15,500
885,4,2.21,500
885,865,2.21,500
885,884,7.15,500
885,886,7.15,500
886,5,2.35,500
886,866,2.35,500
886,885,7.15,500
886,887,7.15,500
887,6,2.65,500
887,867,2.66,500
887,886,7.15,500
887,888,7.15,500
888,7,2.98,500
888,868,2.98,500
888,887,7.15,500
888,889,7.16,500
889,8,3.21,500
889,869,3.22,500
889,888,7.16,500
889,890,7.16,500
890,9,3.3,500
890,870,3.3,500
890,889,7.16,500
890,891,7.16,500
891,10,3.2,500
891,871,3.2,500
891,890,7.16,500
891,892,7.16,500
892,11,2.96,500
892,872,2.95,500
892,891,7.16,500
892,893,7.16,500
893,12,2.63,500
893,873,2.62,500
893,892,7.16,500
893,894,7.16,500
893,900,2.02,288.94
894,13,2.33,500
894,874,2.32,500
894,893,7.16,500
894,895,7.16,500
895,14,2.21,500
895,875,2.21,500
895,894,7.16,500
895,896,7.16,500
896,15,2.34,500
896,876,2.35,500
896,895,7.16,500
896,897,7.16,500
897,16,2.65,500
897,877,2.66,500
897,896,7.16,500
897,898,7.16,500
898,17,2.98,500
898,878,2.98,500
898,897,7.16,500
898,899,7.16,500
899,18,3.21,500
899,879,3.22,500
899,880,7.16,500
899,898,7.16,500
900,893,2.02,288.94
901,822,2.56,255.22
902,651,1.9,196.98
903,598,1.91,447.09
904,833,1.72,334.08
905,576,2.12,323.07
906,633,1.66,400.65
907,450,2.12,207.96
908,517,1.7,415.46
909,775,2.75,344.17
910,695,1.76,405.75
911,260,2.29,177.14
912,675,1.98,393.25
913,101,1.75,371.17
914,536,1.81,356.59
915,16,1.88,415.8
916,553,1.8,411.26
917,373,1.64,384.3
918,496,2.14,389.71
919,334,1.64,407.81
920,577,2.61,241.61
921,239,2.15,172.95
922,442,1.71,349.81
923,707,1.92,376.21
