STARLINK-1000
1 16191U 98065A   24 19.70833333 -.00022620  00000-0  13156-2 0  1002
2 16191  50.0000   0.0000 0000000   0.0000   0.0000 15.21981948807778
STARLINK-1001
1 89644U 98065A   24 19.70833333 -.00022620  00000-0  13156-2 0  1001
2 89644  50.0000   0.0000 0000000   0.0000  36.0000 15.21981948565705
STARLINK-1002
1 31294U 98065A   24 19.70833333 -.00022620  00000-0  13156-2 0  1003
2 31294  50.0000   0.0000 0000000   0.0000  72.0000 15.21981948478261
STARLINK-1003
1 15584U 98065A   24 19.70833333 -.00022620  00000-0  13156-2 0  1006
2 15584  50.0000   0.0000 0000000   0.0000 108.0000 15.21981948491294
STARLINK-1004
1 51146U 98065A   24 19.70833333 -.00022620  00000-0  13156-2 0  1007
2 51146  50.0000   0.0000 0000000   0.0000 144.0000 15.21981948919748
STARLINK-1005
1 70174U 98065A   24 19.70833333 -.00022620  00000-0  13156-2 0  1007
2 70174  50.0000   0.0000 0000000   0.0000 180.0000 15.21981948216578
STARLINK-1006
1 29619U 98065A   24 19.70833333 -.00022620  00000-0  13156-2 0  1007
2 29619  50.0000   0.0000 0000000   0.0000 216.0000 15.21981948844914
STARLINK-1007
1 85775U 98065A   24 19.70833333 -.00022620  00000-0  13156-2 0  1001
2 85775  50.0000   0.0000 0000000   0.0000 252.0000 15.21981948583905
STARLINK-1008
1 21208U 98065A   24 19.70833333 -.00022620  00000-0  13156-2 0  1001
2 21208  50.0000   0.0000 0000000   0.0000 288.0000 15.21981948236215
STARLINK-1009
1 63954U 98065A   24 19.70833333 -.00022620  00000-0  13156-2 0  1002
2 63954  50.0000   0.0000 0000000   0.0000 324.0000 15.21981948185305
STARLINK-1010
1 22182U 98065A   24 19.70833333 -.00022620  00000-0  13156-2 0  1004
2 22182  50.0000  36.0000 0000000   0.0000   3.6000 15.21981948188786
STARLINK-1011
1 18745U 98065A   24 19.70833333 -.00022620  00000-0  13156-2 0  1001
2 18745  50.0000  36.0000 0000000   0.0000  39.6000 15.21981948293951
STARLINK-1012
1 37492U 98065A   24 19.70833333 -.00022620  00000-0  13156-2 0  1000
2 37492  50.0000  36.0000 0000000   0.0000  75.6000 15.21981948227053
STARLINK-1013
1 38533U 98065A   24 19.70833333 -.00022620  00000-0  13156-2 0  1006
2 38533  50.0000  36.0000 0000000   0.0000 111.6000 15.21981948277913
STARLINK-1014
1 14806U 98065A   24 19.70833333 -.00022620  00000-0  13156-2 0  1003
2 14806  50.0000  36.0000 0000000   0.0000 147.6000 15.21981948534915
STARLINK-1015
1 36461U 98065A   24 19.70833333 -.00022620  00000-0  13156-2 0  1008
2 36461  50.0000  36.0000 0000000   0.0000 183.6000 15.21981948305671
STARLINK-1016
1 81809U 98065A   24 19.70833333 -.00022620  00000-0  13156-2 0  1005
2 81809  50.0000  36.0000 0000000   0.0000 219.6000 15.21981948747377
STARLINK-1017
1 53492U 98065A   24 19.70833333 -.00022620  00000-0  13156-2 0  1004
2 53492  50.0000  36.0000 0000000   0.0000 255.6000 15.21981948191920
STARLINK-1018
1 32013U 98065A   24 19.70833333 -.00022620  00000-0  13156-2 0  1002
2 32013  50.0000  36.0000 0000000   0.0000 291.6000 15.21981948598768
STARLINK-1019
1 74014U 98065A   24 19.70833333 -.00022620  00000-0  13156-2 0  1000
2 74014  50.0000  36.0000 0000000   0.0000 327.6000 15.21981948208470
STARLINK-1020
1 98427U 98065A   24 19.70833333 -.00022620  00000-0  13156-2 0  1007
2 98427  50.0000  72.0000 0000000   0.0000   7.2000 15.21981948933028
STARLINK-1021
1 46125U 98065A   24 19.70833333 -.00022620  00000-0  13156-2 0  1004
2 46125  50.0000  72.0000 0000000   0.0000  43.2000 15.21981948847880
STARLINK-1022
1 24086U 98065A   24 19.70833333 -.00022620  00000-0  13156-2 0  1006
2 24086  50.0000  72.0000 0000000   0.0000  79.2000 15.21981948654705
STARLINK-1023
1 44257U 98065A   24 19.70833333 -.00022620  00000-0  13156-2 0  1001
2 44257  50.0000  72.0000 0000000   0.0000 115.2000 15.21981948828635
STARLINK-1024
1 46759U 98065A   24 19.70833333 -.00022620  00000-0  13156-2 0  1006
2 46759  50.0000  72.0000 0000000   0.0000 151.2000 15.21981948762067
STARLINK-1025
1 61889U 98065A   24 19.70833333 -.00022620  00000-0  13156-2 0  1001
2 61889  50.0000  72.0000 0000000   0.0000 187.2000 15.21981948162658
STARLINK-1026
1 38354U 98065A   24 19.70833333 -.00022620  00000-0  13156-2 0  1003
2 38354  50.0000  72.0000 0000000   0.0000 223.2000 15.21981948486673
STARLINK-1027
1 60625U 98065A   24 19.70833333 -.00022620  00000-0  13156-2 0  1000
2 60625  50.0000  72.0000 0000000   0.0000 259.2000 15.21981948903266
STARLINK-1028
1 88461U 98065A   24 19.70833333 -.00022620  00000-0  13156-2 0  1007
2 88461  50.0000  72.0000 0000000   0.0000 295.2000 15.21981948172175
STARLINK-1029
1 85471U 98065A   24 19.70833333 -.00022620  00000-0  13156-2 0  1008
2 85471  50.0000  72.0000 0000000   0.0000 331.2000 15.21981948101338
STARLINK-1030
1 98905U 98065A   24 19.70833333 -.00022620  00000-0  13156-2 0  1006
2 98905  50.0000 108.0000 0000000   0.0000  10.8000 15.21981948708633
STARLINK-1031
1 86911U 98065A   24 19.70833333 -.00022620  00000-0  13156-2 0  1004
2 86911  50.0000 108.0000 0000000   0.0000  46.8000 15.21981948526116
STARLINK-1032
1 25830U 98065A   24 19.70833333 -.00022620  00000-0  13156-2 0  1006
2 25830  50.0000 108.0000 0000000   0.0000  82.8000 15.21981948775228
STARLINK-1033
1 41453U 98065A   24 19.70833333 -.00022620  00000-0  13156-2 0  1006
2 41453  50.0000 108.0000 0000000   0.0000 118.8000 15.21981948430661
STARLINK-1034
1 54618U 98065A   24 19.70833333 -.00022620  00000-0  13156-2 0  1004
2 54618  50.0000 108.0000 0000000   0.0000 154.8000 15.21981948139027
STARLINK-1035
1 52437U 98065A   24 19.70833333 -.00022620  00000-0  13156-2 0  1002
2 52437  50.0000 108.0000 0000000   0.0000 190.8000 15.21981948454400
STARLINK-1036
1 31243U 98065A   24 19.70833333 -.00022620  00000-0  13156-2 0  1008
2 31243  50.0000 108.0000 0000000   0.0000 226.8000 15.21981948933478
STARLINK-1037
1 96501U 98065A   24 19.70833333 -.00022620  00000-0  13156-2 0  1004
2 96501  50.0000 108.0000 0000000   0.0000 262.8000 15.21981948458084
STARLINK-1038
1 19799U 98065A   24 19.70833333 -.00022620  00000-0  13156-2 0  1006
2 19799  50.0000 108.0000 0000000   0.0000 298.8000 15.21981948971467
STARLINK-1039
1 51117U 98065A   24 19.70833333 -.00022620  00000-0  13156-2 0  1003
2 51117  50.0000 108.0000 0000000   0.0000 334.8000 15.21981948444454
STARLINK-1040
1 95235U 98065A   24 19.70833333 -.00022620  00000-0  13156-2 0  1006
2 95235  50.0000 144.0000 0000000   0.0000  14.4000 15.21981948649682
STARLINK-1041
1 77150U 98065A   24 19.70833333 -.00022620  00000-0  13156-2 0  1005
2 77150  50.0000 144.0000 0000000   0.0000  50.4000 15.21981948248150
STARLINK-1042
1 64999U 98065A   24 19.70833333 -.00022620  00000-0  13156-2 0  1003
2 64999  50.0000 144.0000 0000000   0.0000  86.4000 15.21981948599601
STARLINK-1043
1 14440U 98065A   24 19.70833333 -.00022620  00000-0  13156-2 0  1005
2 14440  50.0000 144.0000 0000000   0.0000 122.4000 15.21981948893681
STARLINK-1044
1 46396U 98065A   24 19.70833333 -.00022620  00000-0  13156-2 0  1002
2 46396  50.0000 144.0000 0000000   0.0000 158.4000 15.21981948552287
STARLINK-1045
1 84149U 98065A   24 19.70833333 -.00022620  00000-0  13156-2 0  1008
2 84149  50.0000 144.0000 0000000   0.0000 194.4000 15.21981948385062
STARLINK-1046
1 28297U 98065A   24 19.70833333 -.00022620  00000-0  13156-2 0  1000
2 28297  50.0000 144.0000 0000000   0.0000 230.4000 15.21981948550878
STARLINK-1047
1 84123U 98065A   24 19.70833333 -.00022620  00000-0  13156-2 0  1007
2 84123  50.0000 144.0000 0000000   0.0000 266.4000 15.21981948216467
STARLINK-1048
1 79115U 98065A   24 19.70833333 -.00022620  00000-0  13156-2 0  1005
2 79115  50.0000 144.0000 0000000   0.0000 302.4000 15.21981948190573
STARLINK-1049
1 85058U 98065A   24 19.70833333 -.00022620  00000-0  13156-2 0  1001
2 85058  50.0000 144.0000 0000000   0.0000 338.4000 15.21981948386234
STARLINK-1050
1 45985U 98065A   24 19.70833333 -.00022620  00000-0  13156-2 0  1006
2 45985  50.0000 180.0000 0000000   0.0000  18.0000 15.21981948906232
STARLINK-1051
1 59531U 98065A   24 19.70833333 -.00022620  00000-0  13156-2 0  1003
2 59531  50.0000 180.0000 0000000   0.0000  54.0000 15.21981948548211
STARLINK-1052
1 48997U 98065A   24 19.70833333 -.00022620  00000-0  13156-2 0  1003
2 48997  50.0000 180.0000 0000000   0.0000  90.0000 15.21981948188421
STARLINK-1053
1 89083U 98065A   24 19.70833333 -.00022620  00000-0  13156-2 0  1006
2 89083  50.0000 180.0000 0000000   0.0000 126.0000 15.21981948924591
STARLINK-1054
1 62784U 98065A   24 19.70833333 -.00022620  00000-0  13156-2 0  1003
2 62784  50.0000 180.0000 0000000   0.0000 162.0000 15.21981948542038
STARLINK-1055
1 53220U 98065A   24 19.70833333 -.00022620  00000-0  13156-2 0  1004
2 53220  50.0000 180.0000 0000000   0.0000 198.0000 15.21981948189284
STARLINK-1056
1 90958U 98065A   24 19.70833333 -.00022620  00000-0  13156-2 0  1006
2 90958  50.0000 180.0000 0000000   0.0000 234.0000 15.21981948865908
STARLINK-1057
1 55637U 98065A   24 19.70833333 -.00022620  00000-0  13156-2 0  1002
2 55637  50.0000 180.0000 0000000   0.0000 270.0000 15.21981948602715
STARLINK-1058
1 36714U 98065A   24 19.70833333 -.00022620  00000-0  13156-2 0  1001
2 36714  50.0000 180.0000 0000000   0.0000 306.0000 15.21981948873230
STARLINK-1059
1 41600U 98065A   24 19.70833333 -.00022620  00000-0  13156-2 0  1001
2 41600  50.0000 180.0000 0000000   0.0000 342.0000 15.21981948669763
STARLINK-1060
1 32138U 98065A   24 19.70833333 -.00022620  00000-0  13156-2 0  1007
2 32138  50.0000 216.0000 0000000   0.0000  21.6000 15.21981948618602
STARLINK-1061
1 55621U 98065A   24 19.70833333 -.00022620  00000-0  13156-2 0  1000
2 55621  50.0000 216.0000 0000000   0.0000  57.6000 15.21981948825273
STARLINK-1062
1 55143U 98065A   24 19.70833333 -.00022620  00000-0  13156-2 0  1003
2 55143  50.0000 216.0000 0000000   0.0000  93.6000 15.21981948706427
STARLINK-1063
1 24658U 98065A   24 19.70833333 -.00022620  00000-0  13156-2 0  1005
2 24658  50.0000 216.0000 0000000   0.0000 129.6000 15.21981948287045
STARLINK-1064
1 84875U 98065A   24 19.70833333 -.00022620  00000-0  13156-2 0  1008
2 84875  50.0000 216.0000 0000000   0.0000 165.6000 15.21981948598024
STARLINK-1065
1 94281U 98065A   24 19.70833333 -.00022620  00000-0  13156-2 0  1001
2 94281  50.0000 216.0000 0000000   0.0000 201.6000 15.21981948127678
STARLINK-1066
1 82890U 98065A   24 19.70833333 -.00022620  00000-0  13156-2 0  1006
2 82890  50.0000 216.0000 0000000   0.0000 237.6000 15.21981948825826
STARLINK-1067
1 82645U 98065A   24 19.70833333 -.00022620  00000-0  13156-2 0  1001
2 82645  50.0000 216.0000 0000000   0.0000 273.6000 15.21981948377493
STARLINK-1068
1 36541U 98065A   24 19.70833333 -.00022620  00000-0  13156-2 0  1002
2 36541  50.0000 216.0000 0000000   0.0000 309.6000 15.21981948490188
STARLINK-1069
1 36705U 98065A   24 19.70833333 -.00022620  00000-0  13156-2 0  1003
2 36705  50.0000 216.0000 0000000   0.0000 345.6000 15.21981948765005
STARLINK-1070
1 32469U 98065A   24 19.70833333 -.00022620  00000-0  13156-2 0  1006
2 32469  50.0000 252.0000 0000000   0.0000  25.2000 15.21981948864093
STARLINK-1071
1 97545U 98065A   24 19.70833333 -.00022620  00000-0  13156-2 0  1004
2 97545  50.0000 252.0000 0000000   0.0000  61.2000 15.21981948840811
STARLINK-1072
1 58708U 98065A   24 19.70833333 -.00022620  00000-0  13156-2 0  1004
2 58708  50.0000 252.0000 0000000   0.0000  97.2000 15.21981948379000
STARLINK-1073
1 45234U 98065A   24 19.70833333 -.00022620  00000-0  13156-2 0  1000
2 45234  50.0000 252.0000 0000000   0.0000 133.2000 15.21981948848548
STARLINK-1074
1 24474U 98065A   24 19.70833333 -.00022620  00000-0  13156-2 0  1004
2 24474  50.0000 252.0000 0000000   0.0000 169.2000 15.21981948994983
STARLINK-1075
1 23569U 98065A   24 19.70833333 -.00022620  00000-0  13156-2 0  1000
2 23569  50.0000 252.0000 0000000   0.0000 205.2000 15.21981948872682
STARLINK-1076
1 42233U 98065A   24 19.70833333 -.00022620  00000-0  13156-2 0  1002
2 42233  50.0000 252.0000 0000000   0.0000 241.2000 15.21981948136291
STARLINK-1077
1 23711U 98065A   24 19.70833333 -.00022620  00000-0  13156-2 0  1007
2 23711  50.0000 252.0000 0000000   0.0000 277.2000 15.21981948167214
STARLINK-1078
1 87230U 98065A   24 19.70833333 -.00022620  00000-0  13156-2 0  1007
2 87230  50.0000 252.0000 0000000   0.0000 313.2000 15.21981948840837
STARLINK-1079
1 22615U 98065A   24 19.70833333 -.00022620  00000-0  13156-2 0  1007
2 22615  50.0000 252.0000 0000000   0.0000 349.2000 15.21981948767834
STARLINK-1080
1 79908U 98065A   24 19.70833333 -.00022620  00000-0  13156-2 0  1006
2 79908  50.0000 288.0000 0000000   0.0000  28.8000 15.21981948716352
STARLINK-1081
1 79839U 98065A   24 19.70833333 -.00022620  00000-0  13156-2 0  1004
2 79839  50.0000 288.0000 0000000   0.0000  64.8000 15.21981948444427
STARLINK-1082
1 62582U 98065A   24 19.70833333 -.00022620  00000-0  13156-2 0  1003
2 62582  50.0000 288.0000 0000000   0.0000 100.8000 15.21981948344177
STARLINK-1083
1 91905U 98065A   24 19.70833333 -.00022620  00000-0  13156-2 0  1000
2 91905  50.0000 288.0000 0000000   0.0000 136.8000 15.21981948725650
STARLINK-1084
1 55745U 98065A   24 19.70833333 -.00022620  00000-0  13156-2 0  1004
2 55745  50.0000 288.0000 0000000   0.0000 172.8000 15.21981948195293
STARLINK-1085
1 15142U 98065A   24 19.70833333 -.00022620  00000-0  13156-2 0  1008
2 15142  50.0000 288.0000 0000000   0.0000 208.8000 15.21981948933966
STARLINK-1086
1 70889U 98065A   24 19.70833333 -.00022620  00000-0  13156-2 0  1003
2 70889  50.0000 288.0000 0000000   0.0000 244.8000 15.21981948298102
STARLINK-1087
1 11887U 98065A   24 19.70833333 -.00022620  00000-0  13156-2 0  1002
2 11887  50.0000 288.0000 0000000   0.0000 280.8000 15.21981948872177
STARLINK-1088
1 63085U 98065A   24 19.70833333 -.00022620  00000-0  13156-2 0  1002
2 63085  50.0000 288.0000 0000000   0.0000 316.8000 15.21981948929470
STARLINK-1089
1 88356U 98065A   24 19.70833333 -.00022620  00000-0  13156-2 0  1002
2 88356  50.0000 288.0000 0000000   0.0000 352.8000 15.21981948618367
STARLINK-1090
1 18500U 98065A   24 19.70833333 -.00022620  00000-0  13156-2 0  1004
2 18500  50.0000 324.0000 0000000   0.0000  32.4000 15.21981948540083
STARLINK-1091
1 17021U 98065A   24 19.70833333 -.00022620  00000-0  13156-2 0  1005
2 17021  50.0000 324.0000 0000000   0.0000  68.4000 15.21981948111722
STARLINK-1092
1 68376U 98065A   24 19.70833333 -.00022620  00000-0  13156-2 0  1000
2 68376  50.0000 324.0000 0000000   0.0000 104.4000 15.21981948481031
STARLINK-1093
1 98316U 98065A   24 19.70833333 -.00022620  00000-0  13156-2 0  1006
2 98316  50.0000 324.0000 0000000   0.0000 140.4000 15.21981948463093
STARLINK-1094
1 46337U 98065A   24 19.70833333 -.00022620  00000-0  13156-2 0  1002
2 46337  50.0000 324.0000 0000000   0.0000 176.4000 15.21981948623200
STARLINK-1095
1 64064U 98065A   24 19.70833333 -.00022620  00000-0  13156-2 0  1002
2 64064  50.0000 324.0000 0000000   0.0000 212.4000 15.21981948392832
STARLINK-1096
1 83473U 98065A   24 19.70833333 -.00022620  00000-0  13156-2 0  1004
2 83473  50.0000 324.0000 0000000   0.0000 248.4000 15.21981948965630
STARLINK-1097
1 97823U 98065A   24 19.70833333 -.00022620  00000-0  13156-2 0  1003
2 97823  50.0000 324.0000 0000000   0.0000 284.4000 15.21981948541115
STARLINK-1098
1 17926U 98065A   24 19.70833333 -.00022620  00000-0  13156-2 0  1006
2 17926  50.0000 324.0000 0000000   0.0000 320.4000 15.21981948139436
STARLINK-1099
1 99978U 98065A   24 19.70833333 -.00022620  00000-0  13156-2 0  1002
2 99978  50.0000 324.0000 0000000   0.0000 356.4000 15.21981948997822
