STARLINK-1000
1 82508U 98065A   24 18.91666667 -.00022620  00000-0  13156-2 0  1007
2 82508  50.0000   0.0000 0000000   0.0000   0.0000 12.41591680109607
STARLINK-1001
1 31046U 98065A   24 18.91666667 -.00022620  00000-0  13156-2 0  1006
2 31046  50.0000   0.0000 0000000   0.0000  51.4286 12.41591680653242
STARLINK-1002
1 37675U 98065A   24 18.91666667 -.00022620  00000-0  13156-2 0  1006
2 37675  50.0000   0.0000 0000000   0.0000 102.8571 12.41591680141864
STARLINK-1003
1 27471U 98065A   24 18.91666667 -.00022620  00000-0  13156-2 0  1007
2 27471  50.0000   0.0000 0000000   0.0000 154.2857 12.41591680322068
STARLINK-1004
1 63537U 98065A   24 18.91666667 -.00022620  00000-0  13156-2 0  1007
2 63537  50.0000   0.0000 0000000   0.0000 205.7143 12.41591680130442
STARLINK-1005
1 48883U 98065A   24 18.91666667 -.00022620  00000-0  13156-2 0  1005
2 48883  50.0000   0.0000 0000000   0.0000 257.1429 12.41591680345992
STARLINK-1006
1 26432U 98065A   24 18.91666667 -.00022620  00000-0  13156-2 0  1005
2 26432  50.0000   0.0000 0000000   0.0000 308.5714 12.41591680414266
STARLINK-1007
1 53777U 98065A   24 18.91666667 -.00022620  00000-0  13156-2 0  1005
2 53777  50.0000   0.0000 0000000   0.0000 360.0000 12.41591680708166
STARLINK-1008
1 49371U 98065A   24 18.91666667 -.00022620  00000-0  13156-2 0  1006
2 49371  50.0000  32.7273 0000000   0.0000   3.7500 12.41591680527451
STARLINK-1009
1 80606U 98065A   24 18.91666667 -.00022620  00000-0  13156-2 0  1000
2 80606  50.0000  32.7273 0000000   0.0000  55.1786 12.41591680323671
STARLINK-1010
1 55419U 98065A   24 18.91666667 -.00022620  00000-0  13156-2 0  1002
2 55419  50.0000  32.7273 0000000   0.0000 106.6071 12.41591680233407
STARLINK-1011
1 31520U 98065A   24 18.91666667 -.00022620  00000-0  13156-2 0  1008
2 31520  50.0000  32.7273 0000000   0.0000 158.0357 12.41591680450757
STARLINK-1012
1 11254U 98065A   24 18.91666667 -.00022620  00000-0  13156-2 0  1007
2 11254  50.0000  32.7273 0000000   0.0000 209.4643 12.41591680305864
STARLINK-1013
1 23004U 98065A   24 18.91666667 -.00022620  00000-0  13156-2 0  1003
2 23004  50.0000  32.7273 0000000   0.0000 260.8929 12.41591680446961
STARLINK-1014
1 96208U 98065A   24 18.91666667 -.00022620  00000-0  13156-2 0  1008
2 96208  50.0000  32.7273 0000000   0.0000 312.3214 12.41591680456585
STARLINK-1015
1 47910U 98065A   24 18.91666667 -.00022620  00000-0  13156-2 0  1006
2 47910  50.0000  32.7273 0000000   0.0000   3.7500 12.41591680878534
STARLINK-1016
1 82118U 98065A   24 18.91666667 -.00022620  00000-0  13156-2 0  1003
2 82118  50.0000  65.4545 0000000   0.0000   7.5000 12.41591680159020
STARLINK-1017
1 87407U 98065A   24 18.91666667 -.00022620  00000-0  13156-2 0  1005
2 87407  50.0000  65.4545 0000000   0.0000  58.9286 12.41591680370106
STARLINK-1018
1 46894U 98065A   24 18.91666667 -.00022620  00000-0  13156-2 0  1001
2 46894  50.0000  65.4545 0000000   0.0000 110.3571 12.41591680492214
STARLINK-1019
1 40048U 98065A   24 18.91666667 -.00022620  00000-0  13156-2 0  1008
2 40048  50.0000  65.4545 0000000   0.0000 161.7857 12.41591680293887
STARLINK-1020
1 47580U 98065A   24 18.91666667 -.00022620  00000-0  13156-2 0  1001
2 47580  50.0000  65.4545 0000000   0.0000 213.2143 12.41591680166246
STARLINK-1021
1 80493U 98065A   24 18.91666667 -.00022620  00000-0  13156-2 0  1008
2 80493  50.0000  65.4545 0000000   0.0000 264.6429 12.41591680845478
STARLINK-1022
1 50616U 98065A   24 18.91666667 -.00022620  00000-0  13156-2 0  1006
2 50616  50.0000  65.4545 0000000   0.0000 316.0714 12.41591680704328
STARLINK-1023
1 17981U 98065A   24 18.91666667 -.00022620  00000-0  13156-2 0  1002
2 17981  50.0000  65.4545 0000000   0.0000   7.5000 12.41591680366102
STARLINK-1024
1 85695U 98065A   24 18.91666667 -.00022620  00000-0  13156-2 0  1000
2 85695  50.0000  98.1818 0000000   0.0000  11.2500 12.41591680727180
STARLINK-1025
1 37547U 98065A   24 18.91666667 -.00022620  00000-0  13156-2 0  1002
2 37547  50.0000  98.1818 0000000   0.0000  62.6786 12.41591680531763
STARLINK-1026
1 26539U 98065A   24 18.91666667 -.00022620  00000-0  13156-2 0  1003
2 26539  50.0000  98.1818 0000000   0.0000 114.1071 12.41591680728636
STARLINK-1027
1 79622U 98065A   24 18.91666667 -.00022620  00000-0  13156-2 0  1008
2 79622  50.0000  98.1818 0000000   0.0000 165.5357 12.41591680995062
STARLINK-1028
1 99966U 98065A   24 18.91666667 -.00022620  00000-0  13156-2 0  1005
2 99966  50.0000  98.1818 0000000   0.0000 216.9643 12.41591680786947
STARLINK-1029
1 75056U 98065A   24 18.91666667 -.00022620  00000-0  13156-2 0  1005
2 75056  50.0000  98.1818 0000000   0.0000 268.3929 12.41591680776120
STARLINK-1030
1 80981U 98065A   24 18.91666667 -.00022620  00000-0  13156-2 0  1004
2 80981  50.0000  98.1818 0000000   0.0000 319.8214 12.41591680899254
STARLINK-1031
1 70527U 98065A   24 18.91666667 -.00022620  00000-0  13156-2 0  1004
2 70527  50.0000  98.1818 0000000   0.0000  11.2500 12.41591680225514
STARLINK-1032
1 52717U 98065A   24 18.91666667 -.00022620  00000-0  13156-2 0  1002
2 52717  50.0000 130.9091 0000000   0.0000  15.0000 12.41591680619920
STARLINK-1033
1 50705U 98065A   24 18.91666667 -.00022620  00000-0  13156-2 0  1000
2 50705  50.0000 130.9091 0000000   0.0000  66.4286 12.41591680170862
STARLINK-1034
1 12822U 98065A   24 18.91666667 -.00022620  00000-0  13156-2 0  1003
2 12822  50.0000 130.9091 0000000   0.0000 117.8571 12.41591680920464
STARLINK-1035
1 75175U 98065A   24 18.91666667 -.00022620  00000-0  13156-2 0  1000
2 75175  50.0000 130.9091 0000000   0.0000 169.2857 12.41591680534908
STARLINK-1036
1 46570U 98065A   24 18.91666667 -.00022620  00000-0  13156-2 0  1008
2 46570  50.0000 130.9091 0000000   0.0000 220.7143 12.41591680485515
STARLINK-1037
1 38815U 98065A   24 18.91666667 -.00022620  00000-0  13156-2 0  1002
2 38815  50.0000 130.9091 0000000   0.0000 272.1429 12.41591680985030
STARLINK-1038
1 82429U 98065A   24 18.91666667 -.00022620  00000-0  13156-2 0  1006
2 82429  50.0000 130.9091 0000000   0.0000 323.5714 12.41591680863936
STARLINK-1039
1 88209U 98065A   24 18.91666667 -.00022620  00000-0  13156-2 0  1005
2 88209  50.0000 130.9091 0000000   0.0000  15.0000 12.41591680505162
STARLINK-1040
1 53561U 98065A   24 18.91666667 -.00022620  00000-0  13156-2 0  1000
2 53561  50.0000 163.6364 0000000   0.0000  18.7500 12.41591680993093
STARLINK-1041
1 68571U 98065A   24 18.91666667 -.00022620  00000-0  13156-2 0  1002
2 68571  50.0000 163.6364 0000000   0.0000  70.1786 12.41591680896754
STARLINK-1042
1 71918U 98065A   24 18.91666667 -.00022620  00000-0  13156-2 0  1003
2 71918  50.0000 163.6364 0000000   0.0000 121.6071 12.41591680835690
STARLINK-1043
1 99130U 98065A   24 18.91666667 -.00022620  00000-0  13156-2 0  1008
2 99130  50.0000 163.6364 0000000   0.0000 173.0357 12.41591680897493
STARLINK-1044
1 69156U 98065A   24 18.91666667 -.00022620  00000-0  13156-2 0  1007
2 69156  50.0000 163.6364 0000000   0.0000 224.4643 12.41591680491107
STARLINK-1045
1 30577U 98065A   24 18.91666667 -.00022620  00000-0  13156-2 0  1000
2 30577  50.0000 163.6364 0000000   0.0000 275.8929 12.41591680706133
STARLINK-1046
1 57267U 98065A   24 18.91666667 -.00022620  00000-0  13156-2 0  1006
2 57267  50.0000 163.6364 0000000   0.0000 327.3214 12.41591680751483
STARLINK-1047
1 67657U 98065A   24 18.91666667 -.00022620  00000-0  13156-2 0  1001
2 67657  50.0000 163.6364 0000000   0.0000  18.7500 12.41591680700082
STARLINK-1048
1 94651U 98065A   24 18.91666667 -.00022620  00000-0  13156-2 0  1000
2 94651  50.0000 196.3636 0000000   0.0000  22.5000 12.41591680619817
STARLINK-1049
1 55582U 98065A   24 18.91666667 -.00022620  00000-0  13156-2 0  1000
2 55582  50.0000 196.3636 0000000   0.0000  73.9286 12.41591680625570
STARLINK-1050
1 36608U 98065A   24 18.91666667 -.00022620  00000-0  13156-2 0  1007
2 36608  50.0000 196.3636 0000000   0.0000 125.3571 12.41591680526218
STARLINK-1051
1 95150U 98065A   24 18.91666667 -.00022620  00000-0  13156-2 0  1001
2 95150  50.0000 196.3636 0000000   0.0000 176.7857 12.41591680629467
STARLINK-1052
1 77358U 98065A   24 18.91666667 -.00022620  00000-0  13156-2 0  1002
2 77358  50.0000 196.3636 0000000   0.0000 228.2143 12.41591680836028
STARLINK-1053
1 44228U 98065A   24 18.91666667 -.00022620  00000-0  13156-2 0  1005
2 44228  50.0000 196.3636 0000000   0.0000 279.6429 12.41591680557593
STARLINK-1054
1 71345U 98065A   24 18.91666667 -.00022620  00000-0  13156-2 0  1000
2 71345  50.0000 196.3636 0000000   0.0000 331.0714 12.41591680138640
STARLINK-1055
1 45102U 98065A   24 18.91666667 -.00022620  00000-0  13156-2 0  1007
2 45102  50.0000 196.3636 0000000   0.0000  22.5000 12.41591680911784
STARLINK-1056
1 37892U 98065A   24 18.91666667 -.00022620  00000-0  13156-2 0  1004
2 37892  50.0000 229.0909 0000000   0.0000  26.2500 12.41591680821094
STARLINK-1057
1 44647U 98065A   24 18.91666667 -.00022620  00000-0  13156-2 0  1008
2 44647  50.0000 229.0909 0000000   0.0000  77.6786 12.41591680555747
STARLINK-1058
1 47461U 98065A   24 18.91666667 -.00022620  00000-0  13156-2 0  1001
2 47461  50.0000 229.0909 0000000   0.0000 129.1071 12.41591680726583
STARLINK-1059
1 93532U 98065A   24 18.91666667 -.00022620  00000-0  13156-2 0  1005
2 93532  50.0000 229.0909 0000000   0.0000 180.5357 12.41591680945822
STARLINK-1060
1 90646U 98065A   24 18.91666667 -.00022620  00000-0  13156-2 0  1006
2 90646  50.0000 229.0909 0000000   0.0000 231.9643 12.41591680416876
STARLINK-1061
1 75467U 98065A   24 18.91666667 -.00022620  00000-0  13156-2 0  1004
2 75467  50.0000 229.0909 0000000   0.0000 283.3929 12.41591680859221
STARLINK-1062
1 89857U 98065A   24 18.91666667 -.00022620  00000-0  13156-2 0  1000
2 89857  50.0000 229.0909 0000000   0.0000 334.8214 12.41591680861074
STARLINK-1063
1 55880U 98065A   24 18.91666667 -.00022620  00000-0  13156-2 0  1003
2 55880  50.0000 229.0909 0000000   0.0000  26.2500 12.41591680222486
STARLINK-1064
1 19922U 98065A   24 18.91666667 -.00022620  00000-0  13156-2 0  1001
2 19922  50.0000 261.8182 0000000   0.0000  30.0000 12.41591680898958
STARLINK-1065
1 60356U 98065A   24 18.91666667 -.00022620  00000-0  13156-2 0  1005
2 60356  50.0000 261.8182 0000000   0.0000  81.4286 12.41591680774348
STARLINK-1066
1 37139U 98065A   24 18.91666667 -.00022620  00000-0  13156-2 0  1000
2 37139  50.0000 261.8182 0000000   0.0000 132.8571 12.41591680681237
STARLINK-1067
1 51830U 98065A   24 18.91666667 -.00022620  00000-0  13156-2 0  1001
2 51830  50.0000 261.8182 0000000   0.0000 184.2857 12.41591680428868
STARLINK-1068
1 44296U 98065A   24 18.91666667 -.00022620  00000-0  13156-2 0  1000
2 44296  50.0000 261.8182 0000000   0.0000 235.7143 12.41591680674244
STARLINK-1069
1 85191U 98065A   24 18.91666667 -.00022620  00000-0  13156-2 0  1005
2 85191  50.0000 261.8182 0000000   0.0000 287.1429 12.41591680987700
STARLINK-1070
1 60172U 98065A   24 18.91666667 -.00022620  00000-0  13156-2 0  1006
2 60172  50.0000 261.8182 0000000   0.0000 338.5714 12.41591680663771
STARLINK-1071
1 30312U 98065A   24 18.91666667 -.00022620  00000-0  13156-2 0  1000
2 30312  50.0000 261.8182 0000000   0.0000  30.0000 12.41591680239437
STARLINK-1072
1 25491U 98065A   24 18.91666667 -.00022620  00000-0  13156-2 0  1006
2 25491  50.0000 294.5455 0000000   0.0000  33.7500 12.41591680146167
STARLINK-1073
1 69147U 98065A   24 18.91666667 -.00022620  00000-0  13156-2 0  1006
2 69147  50.0000 294.5455 0000000   0.0000  85.1786 12.41591680189644
STARLINK-1074
1 59429U 98065A   24 18.91666667 -.00022620  00000-0  13156-2 0  1000
2 59429  50.0000 294.5455 0000000   0.0000 136.6071 12.41591680611394
STARLINK-1075
1 84776U 98065A   24 18.91666667 -.00022620  00000-0  13156-2 0  1004
2 84776  50.0000 294.5455 0000000   0.0000 188.0357 12.41591680822461
STARLINK-1076
1 77672U 98065A   24 18.91666667 -.00022620  00000-0  13156-2 0  1004
2 77672  50.0000 294.5455 0000000   0.0000 239.4643 12.41591680213902
STARLINK-1077
1 18149U 98065A   24 18.91666667 -.00022620  00000-0  13156-2 0  1006
2 18149  50.0000 294.5455 0000000   0.0000 290.8929 12.41591680466972
STARLINK-1078
1 11640U 98065A   24 18.91666667 -.00022620  00000-0  13156-2 0  1002
2 11640  50.0000 294.5455 0000000   0.0000 342.3214 12.41591680317075
STARLINK-1079
1 88731U 98065A   24 18.91666667 -.00022620  00000-0  13156-2 0  1001
2 88731  50.0000 294.5455 0000000   0.0000  33.7500 12.41591680759057
STARLINK-1080
1 26835U 98065A   24 18.91666667 -.00022620  00000-0  13156-2 0  1007
2 26835  50.0000 327.2727 0000000   0.0000  37.5000 12.41591680490088
STARLINK-1081
1 11194U 98065A   24 18.91666667 -.00022620  00000-0  13156-2 0  1007
2 11194  50.0000 327.2727 0000000   0.0000  88.9286 12.41591680813530
STARLINK-1082
1 96005U 98065A   24 18.91666667 -.00022620  00000-0  13156-2 0  1004
2 96005  50.0000 327.2727 0000000   0.0000 140.3571 12.41591680635688
STARLINK-1083
1 74129U 98065A   24 18.91666667 -.00022620  00000-0  13156-2 0  1001
2 74129  50.0000 327.2727 0000000   0.0000 191.7857 12.41591680492244
STARLINK-1084
1 34503U 98065A   24 18.91666667 -.00022620  00000-0  13156-2 0  1004
2 34503  50.0000 327.2727 0000000   0.0000 243.2143 12.41591680179338
STARLINK-1085
1 57229U 98065A   24 18.91666667 -.00022620  00000-0  13156-2 0  1005
2 57229  50.0000 327.2727 0000000   0.0000 294.6429 12.41591680997590
STARLINK-1086
1 24802U 98065A   24 18.91666667 -.00022620  00000-0  13156-2 0  1000
2 24802  50.0000 327.2727 0000000   0.0000 346.0714 12.41591680351501
STARLINK-1087
1 86927U 98065A   24 18.91666667 -.00022620  00000-0  13156-2 0  1003
2 86927  50.0000 327.2727 0000000   0.0000  37.5000 12.41591680291777
STARLINK-1088
1 52893U 98065A   24 18.91666667 -.00022620  00000-0  13156-2 0  1007
2 52893  50.0000 360.0000 0000000   0.0000  41.2500 12.41591680146411
STARLINK-1089
1 29003U 98065A   24 18.91666667 -.00022620  00000-0  13156-2 0  1002
2 29003  50.0000 360.0000 0000000   0.0000  92.6786 12.41591680174496
STARLINK-1090
1 38838U 98065A   24 18.91666667 -.00022620  00000-0  13156-2 0  1003
2 38838  50.0000 360.0000 0000000   0.0000 144.1071 12.41591680976882
STARLINK-1091
1 67607U 98065A   24 18.91666667 -.00022620  00000-0  13156-2 0  1007
2 67607  50.0000 360.0000 0000000   0.0000 195.5357 12.41591680222778
STARLINK-1092
1 44024U 98065A   24 18.91666667 -.00022620  00000-0  13156-2 0  1007
2 44024  50.0000 360.0000 0000000   0.0000 246.9643 12.41591680608047
STARLINK-1093
1 39481U 98065A   24 18.91666667 -.00022620  00000-0  13156-2 0  1003
2 39481  50.0000 360.0000 0000000   0.0000 298.3929 12.41591680184861
STARLINK-1094
1 54983U 98065A   24 18.91666667 -.00022620  00000-0  13156-2 0  1001
2 54983  50.0000 360.0000 0000000   0.0000 349.8214 12.41591680365700
STARLINK-1095
1 57201U 98065A   24 18.91666667 -.00022620  00000-0  13156-2 0  1006
2 57201  50.0000 360.0000 0000000   0.0000  41.2500 12.41591680587054
