STARLINK-1000
1 46704U 98065A   24213.50000000 -.00022620  00000-0  13156-2 0  1001
2 46704  53.0000   0.0000 0000000   0.0000   0.0000 15.12078246275924
STARLINK-1001
1 80204U 98065A   24213.50000000 -.00022620  00000-0  13156-2 0  1000
2 80204  53.0000   0.0000 0000000   0.0000  36.0000 15.12078246472745
STARLINK-1002
1 58743U 98065A   24213.50000000 -.00022620  00000-0  13156-2 0  1004
2 58743  53.0000   0.0000 0000000   0.0000  72.0000 15.12078246535958
STARLINK-1003
1 95825U 98065A   24213.50000000 -.00022620  00000-0  13156-2 0  1006
2 95825  53.0000   0.0000 0000000   0.0000 108.0000 15.12078246543554
STARLINK-1004
1 95859U 98065A   24213.50000000 -.00022620  00000-0  13156-2 0  1006
2 95859  53.0000   0.0000 0000000   0.0000 144.0000 15.12078246396393
STARLINK-1005
1 31209U 98065A   24213.50000000 -.00022620  00000-0  13156-2 0  1008
2 31209  53.0000   0.0000 0000000   0.0000 180.0000 15.12078246322321
STARLINK-1006
1 19157U 98065A   24213.50000000 -.00022620  00000-0  13156-2 0  1001
2 19157  53.0000   0.0000 0000000   0.0000 216.0000 15.12078246947023
STARLINK-1007
1 96979U 98065A   24213.50000000 -.00022620  00000-0  13156-2 0  1006
2 96979  53.0000   0.0000 0000000   0.0000 252.0000 15.12078246231320
STARLINK-1008
1 41875U 98065A   24213.50000000 -.00022620  00000-0  13156-2 0  1006
2 41875  53.0000   0.0000 0000000   0.0000 288.0000 15.12078246990588
STARLINK-1009
1 80876U 98065A   24213.50000000 -.00022620  00000-0  13156-2 0  1005
2 80876  53.0000   0.0000 0000000   0.0000 324.0000 15.12078246749800
STARLINK-1010
1 76874U 98065A   24213.50000000 -.00022620  00000-0  13156-2 0  1006
2 76874  53.0000  36.0000 0000000   0.0000   3.6000 15.12078246384497
STARLINK-1011
1 57606U 98065A   24213.50000000 -.00022620  00000-0  13156-2 0  1008
2 57606  53.0000  36.0000 0000000   0.0000  39.6000 15.12078246536465
STARLINK-1012
1 32198U 98065A   24213.50000000 -.00022620  00000-0  13156-2 0  1006
2 32198  53.0000  36.0000 0000000   0.0000  75.6000 15.12078246110546
STARLINK-1013
1 39299U 98065A   24213.50000000 -.00022620  00000-0  13156-2 0  1002
2 39299  53.0000  36.0000 0000000   0.0000 111.6000 15.12078246895671
STARLINK-1014
1 71345U 98065A   24213.50000000 -.00022620  00000-0  13156-2 0  1007
2 71345  53.0000  36.0000 0000000   0.0000 147.6000 15.12078246405821
STARLINK-1015
1 73555U 98065A   24213.50000000 -.00022620  00000-0  13156-2 0  1000
2 73555  53.0000  36.0000 0000000   0.0000 183.6000 15.12078246665654
STARLINK-1016
1 33278U 98065A   24213.50000000 -.00022620  00000-0  13156-2 0  1000
2 33278  53.0000  36.0000 0000000   0.0000 219.6000 15.12078246231213
STARLINK-1017
1 12627U 98065A   24213.50000000 -.00022620  00000-0  13156-2 0  1006
2 12627  53.0000  36.0000 0000000   0.0000 255.6000 15.12078246315636
STARLINK-1018
1 21673U 98065A   24213.50000000 -.00022620  00000-0  13156-2 0  1007
2 21673  53.0000  36.0000 0000000   0.0000 291.6000 15.12078246554238
STARLINK-1019
1 96165U 98065A   24213.50000000 -.00022620  00000-0  13156-2 0  1004
2 96165  53.0000  36.0000 0000000   0.0000 327.6000 15.12078246466036
STARLINK-1020
1 36975U 98065A   24213.50000000 -.00022620  00000-0  13156-2 0  1000
2 36975  53.0000  72.0000 0000000   0.0000   7.2000 15.12078246570476
STARLINK-1021
1 39620U 98065A   24213.50000000 -.00022620  00000-0  13156-2 0  1006
2 39620  53.0000  72.0000 0000000   0.0000  43.2000 15.12078246733484
STARLINK-1022
1 91597U 98065A   24213.50000000 -.00022620  00000-0  13156-2 0  1006
2 91597  53.0000  72.0000 0000000   0.0000  79.2000 15.12078246320183
STARLINK-1023
1 84027U 98065A   24213.50000000 -.00022620  00000-0  13156-2 0  1000
2 84027  53.0000  72.0000 0000000   0.0000 115.2000 15.12078246909930
STARLINK-1024
1 96810U 98065A   24213.50000000 -.00022620  00000-0  13156-2 0  1002
2 96810  53.0000  72.0000 0000000   0.0000 151.2000 15.12078246196358
STARLINK-1025
1 64053U 98065A   24213.50000000 -.00022620  00000-0  13156-2 0  1003
2 64053  53.0000  72.0000 0000000   0.0000 187.2000 15.12078246129563
STARLINK-1026
1 74491U 98065A   24213.50000000 -.00022620  00000-0  13156-2 0  1003
2 74491  53.0000  72.0000 0000000   0.0000 223.2000 15.12078246486053
STARLINK-1027
1 52372U 98065A   24213.50000000 -.00022620  00000-0  13156-2 0  1006
2 52372  53.0000  72.0000 0000000   0.0000 259.2000 15.12078246989843
STARLINK-1028
1 99022U 98065A   24213.50000000 -.00022620  00000-0  13156-2 0  1007
2 99022  53.0000  72.0000 0000000   0.0000 295.2000 15.12078246491596
STARLINK-1029
1 27548U 98065A   24213.50000000 -.00022620  00000-0  13156-2 0  1002
2 27548  53.0000  72.0000 0000000   0.0000 331.2000 15.12078246228003
STARLINK-1030
1 40242U 98065A   24213.50000000 -.00022620  00000-0  13156-2 0  1003
2 40242  53.0000 108.0000 0000000   0.0000  10.8000 15.12078246729217
STARLINK-1031
1 43117U 98065A   24213.50000000 -.00022620  00000-0  13156-2 0  1006
2 43117  53.0000 108.0000 0000000   0.0000  46.8000 15.12078246582632
STARLINK-1032
1 66152U 98065A   24213.50000000 -.00022620  00000-0  13156-2 0  1002
2 66152  53.0000 108.0000 0000000   0.0000  82.8000 15.12078246235937
STARLINK-1033
1 90173U 98065A   24213.50000000 -.00022620  00000-0  13156-2 0  1001
2 90173  53.0000 108.0000 0000000   0.0000 118.8000 15.12078246381274
STARLINK-1034
1 39184U 98065A   24213.50000000 -.00022620  00000-0  13156-2 0  1003
2 39184  53.0000 108.0000 0000000   0.0000 154.8000 15.12078246541973
STARLINK-1035
1 62519U 98065A   24213.50000000 -.00022620  00000-0  13156-2 0  1006
2 62519  53.0000 108.0000 0000000   0.0000 190.8000 15.12078246582354
STARLINK-1036
1 63385U 98065A   24213.50000000 -.00022620  00000-0  13156-2 0  1001
2 63385  53.0000 108.0000 0000000   0.0000 226.8000 15.12078246191481
STARLINK-1037
1 89836U 98065A   24213.50000000 -.00022620  00000-0  13156-2 0  1001
2 89836  53.0000 108.0000 0000000   0.0000 262.8000 15.12078246200518
STARLINK-1038
1 33526U 98065A   24213.50000000 -.00022620  00000-0  13156-2 0  1004
2 33526  53.0000 108.0000 0000000   0.0000 298.8000 15.12078246518747
STARLINK-1039
1 83629U 98065A   24213.50000000 -.00022620  00000-0  13156-2 0  1002
2 83629  53.0000 108.0000 0000000   0.0000 334.8000 15.12078246982805
STARLINK-1040
1 47295U 98065A   24213.50000000 -.00022620  00000-0  13156-2 0  1002
2 47295  53.0000 144.0000 0000000   0.0000  14.4000 15.12078246558528
STARLINK-1041
1 88775U 98065A   24213.50000000 -.00022620  00000-0  13156-2 0  1001
2 88775  53.0000 144.0000 0000000   0.0000  50.4000 15.12078246930991
STARLINK-1042
1 60453U 98065A   24213.50000000 -.00022620  00000-0  13156-2 0  1008
2 60453  53.0000 144.0000 0000000   0.0000  86.4000 15.12078246997548
STARLINK-1043
1 64876U 98065A   24213.50000000 -.00022620  00000-0  13156-2 0  1006
2 64876  53.0000 144.0000 0000000   0.0000 122.4000 15.12078246617828
STARLINK-1044
1 35157U 98065A   24213.50000000 -.00022620  00000-0  13156-2 0  1002
2 35157  53.0000 144.0000 0000000   0.0000 158.4000 15.12078246112905
STARLINK-1045
1 65156U 98065A   24213.50000000 -.00022620  00000-0  13156-2 0  1007
2 65156  53.0000 144.0000 0000000   0.0000 194.4000 15.12078246457473
STARLINK-1046
1 28022U 98065A   24213.50000000 -.00022620  00000-0  13156-2 0  1003
2 28022  53.0000 144.0000 0000000   0.0000 230.4000 15.12078246833730
STARLINK-1047
1 46032U 98065A   24213.50000000 -.00022620  00000-0  13156-2 0  1005
2 46032  53.0000 144.0000 0000000   0.0000 266.4000 15.12078246777283
STARLINK-1048
1 19490U 98065A   24213.50000000 -.00022620  00000-0  13156-2 0  1002
2 19490  53.0000 144.0000 0000000   0.0000 302.4000 15.12078246774043
STARLINK-1049
1 24506U 98065A   24213.50000000 -.00022620  00000-0  13156-2 0  1006
2 24506  53.0000 144.0000 0000000   0.0000 338.4000 15.12078246468804
STARLINK-1050
1 89173U 98065A   24213.50000000 -.00022620  00000-0  13156-2 0  1008
2 89173  53.0000 180.0000 0000000   0.0000  18.0000 15.12078246234326
STARLINK-1051
1 99462U 98065A   24213.50000000 -.00022620  00000-0  13156-2 0  1005
2 99462  53.0000 180.0000 0000000   0.0000  54.0000 15.12078246525767
STARLINK-1052
1 67816U 98065A   24213.50000000 -.00022620  00000-0  13156-2 0  1007
2 67816  53.0000 180.0000 0000000   0.0000  90.0000 15.12078246756734
STARLINK-1053
1 37529U 98065A   24213.50000000 -.00022620  00000-0  13156-2 0  1000
2 37529  53.0000 180.0000 0000000   0.0000 126.0000 15.12078246101357
STARLINK-1054
1 10160U 98065A   24213.50000000 -.00022620  00000-0  13156-2 0  1003
2 10160  53.0000 180.0000 0000000   0.0000 162.0000 15.12078246254227
STARLINK-1055
1 20229U 98065A   24213.50000000 -.00022620  00000-0  13156-2 0  1006
2 20229  53.0000 180.0000 0000000   0.0000 198.0000 15.12078246389335
STARLINK-1056
1 49901U 98065A   24213.50000000 -.00022620  00000-0  13156-2 0  1000
2 49901  53.0000 180.0000 0000000   0.0000 234.0000 15.12078246619556
STARLINK-1057
1 63540U 98065A   24213.50000000 -.00022620  00000-0  13156-2 0  1007
2 63540  53.0000 180.0000 0000000   0.0000 270.0000 15.12078246823856
STARLINK-1058
1 28428U 98065A   24213.50000000 -.00022620  00000-0  13156-2 0  1007
2 28428  53.0000 180.0000 0000000   0.0000 306.0000 15.12078246123344
STARLINK-1059
1 44201U 98065A   24213.50000000 -.00022620  00000-0  13156-2 0  1000
2 44201  53.0000 180.0000 0000000   0.0000 342.0000 15.12078246241822
STARLINK-1060
1 88556U 98065A   24213.50000000 -.00022620  00000-0  13156-2 0  1007
2 88556  53.0000 216.0000 0000000   0.0000  21.6000 15.12078246451924
STARLINK-1061
1 37979U 98065A   24213.50000000 -.00022620  00000-0  13156-2 0  1008
2 37979  53.0000 216.0000 0000000   0.0000  57.6000 15.12078246687178
STARLINK-1062
1 68379U 98065A   24213.50000000 -.00022620  00000-0  13156-2 0  1000
2 68379  53.0000 216.0000 0000000   0.0000  93.6000 15.12078246340564
STARLINK-1063
1 96949U 98065A   24213.50000000 -.00022620  00000-0  13156-2 0  1002
2 96949  53.0000 216.0000 0000000   0.0000 129.6000 15.12078246358327
STARLINK-1064
1 46293U 98065A   24213.50000000 -.00022620  00000-0  13156-2 0  1005
2 46293  53.0000 216.0000 0000000   0.0000 165.6000 15.12078246454827
STARLINK-1065
1 65570U 98065A   24213.50000000 -.00022620  00000-0  13156-2 0  1000
2 65570  53.0000 216.0000 0000000   0.0000 201.6000 15.12078246943367
STARLINK-1066
1 72921U 98065A   24213.50000000 -.00022620  00000-0  13156-2 0  1005
2 72921  53.0000 216.0000 0000000   0.0000 237.6000 15.12078246512317
STARLINK-1067
1 13827U 98065A   24213.50000000 -.00022620  00000-0  13156-2 0  1007
2 13827  53.0000 216.0000 0000000   0.0000 273.6000 15.12078246772135
STARLINK-1068
1 12765U 98065A   24213.50000000 -.00022620  00000-0  13156-2 0  1006
2 12765  53.0000 216.0000 0000000   0.0000 309.6000 15.12078246624260
STARLINK-1069
1 49851U 98065A   24213.50000000 -.00022620  00000-0  13156-2 0  1005
2 49851  53.0000 216.0000 0000000   0.0000 345.6000 15.12078246665912
STARLINK-1070
1 22505U 98065A   24213.50000000 -.00022620  00000-0  13156-2 0  1001
2 22505  53.0000 252.0000 0000000   0.0000  25.2000 15.12078246215214
STARLINK-1071
1 14758U 98065A   24213.50000000 -.00022620  00000-0  13156-2 0  1005
2 14758  53.0000 252.0000 0000000   0.0000  61.2000 15.12078246143182
STARLINK-1072
1 33625U 98065A   24213.50000000 -.00022620  00000-0  13156-2 0  1005
2 33625  53.0000 252.0000 0000000   0.0000  97.2000 15.12078246992175
STARLINK-1073
1 29506U 98065A   24213.50000000 -.00022620  00000-0  13156-2 0  1001
2 29506  53.0000 252.0000 0000000   0.0000 133.2000 15.12078246604307
STARLINK-1074
1 14718U 98065A   24213.50000000 -.00022620  00000-0  13156-2 0  1004
2 14718  53.0000 252.0000 0000000   0.0000 169.2000 15.12078246977433
STARLINK-1075
1 74023U 98065A   24213.50000000 -.00022620  00000-0  13156-2 0  1004
2 74023  53.0000 252.0000 0000000   0.0000 205.2000 15.12078246285267
STARLINK-1076
1 71536U 98065A   24213.50000000 -.00022620  00000-0  13156-2 0  1001
2 71536  53.0000 252.0000 0000000   0.0000 241.2000 15.12078246103557
STARLINK-1077
1 59645U 98065A   24213.50000000 -.00022620  00000-0  13156-2 0  1001
2 59645  53.0000 252.0000 0000000   0.0000 277.2000 15.12078246470137
STARLINK-1078
1 37370U 98065A   24213.50000000 -.00022620  00000-0  13156-2 0  1005
2 37370  53.0000 252.0000 0000000   0.0000 313.2000 15.12078246813388
STARLINK-1079
1 77447U 98065A   24213.50000000 -.00022620  00000-0  13156-2 0  1006
2 77447  53.0000 252.0000 0000000   0.0000 349.2000 15.12078246860748
STARLINK-1080
1 83247U 98065A   24213.50000000 -.00022620  00000-0  13156-2 0  1003
2 83247  53.0000 288.0000 0000000   0.0000  28.8000 15.12078246896708
STARLINK-1081
1 48244U 98065A   24213.50000000 -.00022620  00000-0  13156-2 0  1000
2 48244  53.0000 288.0000 0000000   0.0000  64.8000 15.12078246748405
STARLINK-1082
1 43212U 98065A   24213.50000000 -.00022620  00000-0  13156-2 0  1007
2 43212  53.0000 288.0000 0000000   0.0000 100.8000 15.12078246807033
STARLINK-1083
1 53898U 98065A   24213.50000000 -.00022620  00000-0  13156-2 0  1007
2 53898  53.0000 288.0000 0000000   0.0000 136.8000 15.12078246947765
STARLINK-1084
1 42290U 98065A   24213.50000000 -.00022620  00000-0  13156-2 0  1001
2 42290  53.0000 288.0000 0000000   0.0000 172.8000 15.12078246687893
STARLINK-1085
1 48196U 98065A   24213.50000000 -.00022620  00000-0  13156-2 0  1003
2 48196  53.0000 288.0000 0000000   0.0000 208.8000 15.12078246339444
STARLINK-1086
1 50498U 98065A   24213.50000000 -.00022620  00000-0  13156-2 0  1005
2 50498  53.0000 288.0000 0000000   0.0000 244.8000 15.12078246265971
STARLINK-1087
1 56107U 98065A   24213.50000000 -.00022620  00000-0  13156-2 0  1003
2 56107  53.0000 288.0000 0000000   0.0000 280.8000 15.12078246500485
STARLINK-1088
1 19192U 98065A   24213.50000000 -.00022620  00000-0  13156-2 0  1000
2 19192  53.0000 288.0000 0000000   0.0000 316.8000 15.12078246217143
STARLINK-1089
1 96255U 98065A   24213.50000000 -.00022620  00000-0  13156-2 0  1007
2 96255  53.0000 288.0000 0000000   0.0000 352.8000 15.12078246795138
STARLINK-1090
1 60363U 98065A   24213.50000000 -.00022620  00000-0  13156-2 0  1001
2 60363  53.0000 324.0000 0000000   0.0000  32.4000 15.12078246239264
STARLINK-1091
1 43374U 98065A   24213.50000000 -.00022620  00000-0  13156-2 0  1002
2 43374  53.0000 324.0000 0000000   0.0000  68.4000 15.12078246806695
STARLINK-1092
1 81637U 98065A   24213.50000000 -.00022620  00000-0  13156-2 0  1007
2 81637  53.0000 324.0000 0000000   0.0000 104.4000 15.12078246502910
STARLINK-1093
1 14065U 98065A   24213.50000000 -.00022620  00000-0  13156-2 0  1003
2 14065  53.0000 324.0000 0000000   0.0000 140.4000 15.12078246536277
STARLINK-1094
1 90997U 98065A   24213.50000000 -.00022620  00000-0  13156-2 0  1005
2 90997  53.0000 324.0000 0000000   0.0000 176.4000 15.12078246685141
STARLINK-1095
1 61435U 98065A   24213.50000000 -.00022620  00000-0  13156-2 0  1008
2 61435  53.0000 324.0000 0000000   0.0000 212.4000 15.12078246890806
STARLINK-1096
1 69076U 98065A   24213.50000000 -.00022620  00000-0  13156-2 0  1005
2 69076  53.0000 324.0000 0000000   0.0000 248.4000 15.12078246839826
STARLINK-1097
1 31828U 98065A   24213.50000000 -.00022620  00000-0  13156-2 0  1006
2 31828  53.0000 324.0000 0000000   0.0000 284.4000 15.12078246996242
STARLINK-1098
1 17268U 98065A   24213.50000000 -.00022620  00000-0  13156-2 0  1007
2 17268  53.0000 324.0000 0000000   0.0000 320.4000 15.12078246349201
STARLINK-1099
1 23972U 98065A   24213.50000000 -.00022620  00000-0  13156-2 0  1008
2 23972  53.0000 324.0000 0000000   0.0000 356.4000 15.12078246577817
