STARLINK-1000
1 13363U 98065A   24215.50000000 -.00022620  00000-0  13156-2 0  1003
2 13363  53.0000   0.0000 0000000   0.0000   0.0000 15.12078246578174
STARLINK-1001
1 67316U 98065A   24215.50000000 -.00022620  00000-0  13156-2 0  1006
2 67316  53.0000   0.0000 0000000   0.0000  14.4000 15.12078246800691
STARLINK-1002
1 35801U 98065A   24215.50000000 -.00022620  00000-0  13156-2 0  1003
2 35801  53.0000   0.0000 0000000   0.0000  28.8000 15.12078246696098
STARLINK-1003
1 83840U 98065A   24215.50000000 -.00022620  00000-0  13156-2 0  1004
2 83840  53.0000   0.0000 0000000   0.0000  43.2000 15.12078246308862
STARLINK-1004
1 67278U 98065A   24215.50000000 -.00022620  00000-0  13156-2 0  1000
2 67278  53.0000   0.0000 0000000   0.0000  57.6000 15.12078246986308
STARLINK-1005
1 26947U 98065A   24215.50000000 -.00022620  00000-0  13156-2 0  1000
2 26947  53.0000   0.0000 0000000   0.0000  72.0000 15.12078246747508
STARLINK-1006
1 88487U 98065A   24215.50000000 -.00022620  00000-0  13156-2 0  1005
2 88487  53.0000   0.0000 0000000   0.0000  86.4000 15.12078246278206
STARLINK-1007
1 31504U 98065A   24215.50000000 -.00022620  00000-0  13156-2 0  1004
2 31504  53.0000   0.0000 0000000   0.0000 100.8000 15.12078246760715
STARLINK-1008
1 73208U 98065A   24215.50000000 -.00022620  00000-0  13156-2 0  1006
2 73208  53.0000   0.0000 0000000   0.0000 115.2000 15.12078246356067
STARLINK-1009
1 78479U 98065A   24215.50000000 -.00022620  00000-0  13156-2 0  1003
2 78479  53.0000   0.0000 0000000   0.0000 129.6000 15.12078246618841
STARLINK-1010
1 31719U 98065A   24215.50000000 -.00022620  00000-0  13156-2 0  1004
2 31719  53.0000   0.0000 0000000   0.0000 144.0000 15.12078246339217
STARLINK-1011
1 87220U 98065A   24215.50000000 -.00022620  00000-0  13156-2 0  1008
2 87220  53.0000   0.0000 0000000   0.0000 158.4000 15.12078246528487
STARLINK-1012
1 48570U 98065A   24215.50000000 -.00022620  00000-0  13156-2 0  1001
2 48570  53.0000   0.0000 0000000   0.0000 172.8000 15.12078246864528
STARLINK-1013
1 77872U 98065A   24215.50000000 -.00022620  00000-0  13156-2 0  1008
2 77872  53.0000   0.0000 0000000   0.0000 187.2000 15.12078246391850
STARLINK-1014
1 20157U 98065A   24215.50000000 -.00022620  00000-0  13156-2 0  1006
2 20157  53.0000   0.0000 0000000   0.0000 201.6000 15.12078246261525
STARLINK-1015
1 61928U 98065A   24215.50000000 -.00022620  00000-0  13156-2 0  1008
2 61928  53.0000   0.0000 0000000   0.0000 216.0000 15.12078246742111
STARLINK-1016
1 39086U 98065A   24215.50000000 -.00022620  00000-0  13156-2 0  1000
2 39086  53.0000   0.0000 0000000   0.0000 230.4000 15.12078246698027
STARLINK-1017
1 79565U 98065A   24215.50000000 -.00022620  00000-0  13156-2 0  1003
2 79565  53.0000   0.0000 0000000   0.0000 244.8000 15.12078246902876
STARLINK-1018
1 98374U 98065A   24215.50000000 -.00022620  00000-0  13156-2 0  1007
2 98374  53.0000   0.0000 0000000   0.0000 259.2000 15.12078246403761
STARLINK-1019
1 76721U 98065A   24215.50000000 -.00022620  00000-0  13156-2 0  1004
2 76721  53.0000   0.0000 0000000   0.0000 273.6000 15.12078246713611
STARLINK-1020
1 34725U 98065A   24215.50000000 -.00022620  00000-0  13156-2 0  1006
2 34725  53.0000   0.0000 0000000   0.0000 288.0000 15.12078246480265
STARLINK-1021
1 60190U 98065A   24215.50000000 -.00022620  00000-0  13156-2 0  1007
2 60190  53.0000   0.0000 0000000   0.0000 302.4000 15.12078246810471
STARLINK-1022
1 33607U 98065A   24215.50000000 -.00022620  00000-0  13156-2 0  1004
2 33607  53.0000   0.0000 0000000   0.0000 316.8000 15.12078246852416
STARLINK-1023
1 12419U 98065A   24215.50000000 -.00022620  00000-0  13156-2 0  1003
2 12419  53.0000   0.0000 0000000   0.0000 331.2000 15.12078246255376
STARLINK-1024
1 70315U 98065A   24215.50000000 -.00022620  00000-0  13156-2 0  1000
2 70315  53.0000   0.0000 0000000   0.0000 345.6000 15.12078246109040
STARLINK-1025
1 68719U 98065A   24215.50000000 -.00022620  00000-0  13156-2 0  1005
2 68719  53.0000  18.0000 0000000   0.0000   0.7200 15.12078246221144
STARLINK-1026
1 21047U 98065A   24215.50000000 -.00022620  00000-0  13156-2 0  1006
2 21047  53.0000  18.0000 0000000   0.0000  15.1200 15.12078246796531
STARLINK-1027
1 76138U 98065A   24215.50000000 -.00022620  00000-0  13156-2 0  1003
2 76138  53.0000  18.0000 0000000   0.0000  29.5200 15.12078246920124
STARLINK-1028
1 87268U 98065A   24215.50000000 -.00022620  00000-0  13156-2 0  1002
2 87268  53.0000  18.0000 0000000   0.0000  43.9200 15.12078246567837
STARLINK-1029
1 48760U 98065A   24215.50000000 -.00022620  00000-0  13156-2 0  1005
2 48760  53.0000  18.0000 0000000   0.0000  58.3200 15.12078246882092
STARLINK-1030
1 12381U 98065A   24215.50000000 -.00022620  00000-0  13156-2 0  1008
2 12381  53.0000  18.0000 0000000   0.0000  72.7200 15.12078246157840
STARLINK-1031
1 85707U 98065A   24215.50000000 -.00022620  00000-0  13156-2 0  1006
2 85707  53.0000  18.0000 0000000   0.0000  87.1200 15.12078246337730
STARLINK-1032
1 85651U 98065A   24215.50000000 -.00022620  00000-0  13156-2 0  1007
2 85651  53.0000  18.0000 0000000   0.0000 101.5200 15.12078246685518
STARLINK-1033
1 56048U 98065A   24215.50000000 -.00022620  00000-0  13156-2 0  1001
2 56048  53.0000  18.0000 0000000   0.0000 115.9200 15.12078246790751
STARLINK-1034
1 11123U 98065A   24215.50000000 -.00022620  00000-0  13156-2 0  1001
2 11123  53.0000  18.0000 0000000   0.0000 130.3200 15.12078246614356
STARLINK-1035
1 75442U 98065A   24215.50000000 -.00022620  00000-0  13156-2 0  1006
2 75442  53.0000  18.0000 0000000   0.0000 144.7200 15.12078246647358
STARLINK-1036
1 87495U 98065A   24215.50000000 -.00022620  00000-0  13156-2 0  1008
2 87495  53.0000  18.0000 0000000   0.0000 159.1200 15.12078246542321
STARLINK-1037
1 41362U 98065A   24215.50000000 -.00022620  00000-0  13156-2 0  1006
2 41362  53.0000  18.0000 0000000   0.0000 173.5200 15.12078246693423
STARLINK-1038
1 36827U 98065A   24215.50000000 -.00022620  00000-0  13156-2 0  1006
2 36827  53.0000  18.0000 0000000   0.0000 187.9200 15.12078246729244
STARLINK-1039
1 28935U 98065A   24215.50000000 -.00022620  00000-0  13156-2 0  1000
2 28935  53.0000  18.0000 0000000   0.0000 202.3200 15.12078246469560
STARLINK-1040
1 76057U 98065A   24215.50000000 -.00022620  00000-0  13156-2 0  1008
2 76057  53.0000  18.0000 0000000   0.0000 216.7200 15.12078246533034
STARLINK-1041
1 98426U 98065A   24215.50000000 -.00022620  00000-0  13156-2 0  1008
2 98426  53.0000  18.0000 0000000   0.0000 231.1200 15.12078246112355
STARLINK-1042
1 19253U 98065A   24215.50000000 -.00022620  00000-0  13156-2 0  1002
2 19253  53.0000  18.0000 0000000   0.0000 245.5200 15.12078246991662
STARLINK-1043
1 87450U 98065A   24215.50000000 -.00022620  00000-0  13156-2 0  1008
2 87450  53.0000  18.0000 0000000   0.0000 259.9200 15.12078246426600
STARLINK-1044
1 34762U 98065A   24215.50000000 -.00022620  00000-0  13156-2 0  1008
2 34762  53.0000  18.0000 0000000   0.0000 274.3200 15.12078246889108
STARLINK-1045
1 34674U 98065A   24215.50000000 -.00022620  00000-0  13156-2 0  1002
2 34674  53.0000  18.0000 0000000   0.0000 288.7200 15.12078246575281
STARLINK-1046
1 90156U 98065A   24215.50000000 -.00022620  00000-0  13156-2 0  1007
2 90156  53.0000  18.0000 0000000   0.0000 303.1200 15.12078246282020
STARLINK-1047
1 47861U 98065A   24215.50000000 -.00022620  00000-0  13156-2 0  1006
2 47861  53.0000  18.0000 0000000   0.0000 317.5200 15.12078246236365
STARLINK-1048
1 39785U 98065A   24215.50000000 -.00022620  00000-0  13156-2 0  1004
2 39785  53.0000  18.0000 0000000   0.0000 331.9200 15.12078246704871
STARLINK-1049
1 77475U 98065A   24215.50000000 -.00022620  00000-0  13156-2 0  1007
2 77475  53.0000  18.0000 0000000   0.0000 346.3200 15.12078246524438
STARLINK-1050
1 31144U 98065A   24215.50000000 -.00022620  00000-0  13156-2 0  1004
2 31144  53.0000  36.0000 0000000   0.0000   1.4400 15.12078246458496
STARLINK-1051
1 27465U 98065A   24215.50000000 -.00022620  00000-0  13156-2 0  1000
2 27465  53.0000  36.0000 0000000   0.0000  15.8400 15.12078246558706
STARLINK-1052
1 86834U 98065A   24215.50000000 -.00022620  00000-0  13156-2 0  1001
2 86834  53.0000  36.0000 0000000   0.0000  30.2400 15.12078246878234
STARLINK-1053
1 76541U 98065A   24215.50000000 -.00022620  00000-0  13156-2 0  1005
2 76541  53.0000  36.0000 0000000   0.0000  44.6400 15.12078246683592
STARLINK-1054
1 71489U 98065A   24215.50000000 -.00022620  00000-0  13156-2 0  1005
2 71489  53.0000  36.0000 0000000   0.0000  59.0400 15.12078246263937
STARLINK-1055
1 63749U 98065A   24215.50000000 -.00022620  00000-0  13156-2 0  1000
2 63749  53.0000  36.0000 0000000   0.0000  73.4400 15.12078246881452
STARLINK-1056
1 35606U 98065A   24215.50000000 -.00022620  00000-0  13156-2 0  1001
2 35606  53.0000  36.0000 0000000   0.0000  87.8400 15.12078246967188
STARLINK-1057
1 47788U 98065A   24215.50000000 -.00022620  00000-0  13156-2 0  1004
2 47788  53.0000  36.0000 0000000   0.0000 102.2400 15.12078246853918
STARLINK-1058
1 80767U 98065A   24215.50000000 -.00022620  00000-0  13156-2 0  1004
2 80767  53.0000  36.0000 0000000   0.0000 116.6400 15.12078246696385
STARLINK-1059
1 24070U 98065A   24215.50000000 -.00022620  00000-0  13156-2 0  1004
2 24070  53.0000  36.0000 0000000   0.0000 131.0400 15.12078246297960
STARLINK-1060
1 62408U 98065A   24215.50000000 -.00022620  00000-0  13156-2 0  1002
2 62408  53.0000  36.0000 0000000   0.0000 145.4400 15.12078246310885
STARLINK-1061
1 90373U 98065A   24215.50000000 -.00022620  00000-0  13156-2 0  1003
2 90373  53.0000  36.0000 0000000   0.0000 159.8400 15.12078246438044
STARLINK-1062
1 19991U 98065A   24215.50000000 -.00022620  00000-0  13156-2 0  1005
2 19991  53.0000  36.0000 0000000   0.0000 174.2400 15.12078246106120
STARLINK-1063
1 99453U 98065A   24215.50000000 -.00022620  00000-0  13156-2 0  1005
2 99453  53.0000  36.0000 0000000   0.0000 188.6400 15.12078246877941
STARLINK-1064
1 72721U 98065A   24215.50000000 -.00022620  00000-0  13156-2 0  1003
2 72721  53.0000  36.0000 0000000   0.0000 203.0400 15.12078246258981
STARLINK-1065
1 69752U 98065A   24215.50000000 -.00022620  00000-0  13156-2 0  1002
2 69752  53.0000  36.0000 0000000   0.0000 217.4400 15.12078246804802
STARLINK-1066
1 56943U 98065A   24215.50000000 -.00022620  00000-0  13156-2 0  1007
2 56943  53.0000  36.0000 0000000   0.0000 231.8400 15.12078246873738
STARLINK-1067
1 97814U 98065A   24215.50000000 -.00022620  00000-0  13156-2 0  1007
2 97814  53.0000  36.0000 0000000   0.0000 246.2400 15.12078246364606
STARLINK-1068
1 28344U 98065A   24215.50000000 -.00022620  00000-0  13156-2 0  1008
2 28344  53.0000  36.0000 0000000   0.0000 260.6400 15.12078246634184
STARLINK-1069
1 33998U 98065A   24215.50000000 -.00022620  00000-0  13156-2 0  1003
2 33998  53.0000  36.0000 0000000   0.0000 275.0400 15.12078246492927
STARLINK-1070
1 11774U 98065A   24215.50000000 -.00022620  00000-0  13156-2 0  1002
2 11774  53.0000  36.0000 0000000   0.0000 289.4400 15.12078246705168
STARLINK-1071
1 86276U 98065A   24215.50000000 -.00022620  00000-0  13156-2 0  1007
2 86276  53.0000  36.0000 0000000   0.0000 303.8400 15.12078246103604
STARLINK-1072
1 88902U 98065A   24215.50000000 -.00022620  00000-0  13156-2 0  1001
2 88902  53.0000  36.0000 0000000   0.0000 318.2400 15.12078246578665
STARLINK-1073
1 42036U 98065A   24215.50000000 -.00022620  00000-0  13156-2 0  1001
2 42036  53.0000  36.0000 0000000   0.0000 332.6400 15.12078246229656
STARLINK-1074
1 42161U 98065A   24215.50000000 -.00022620  00000-0  13156-2 0  1001
2 42161  53.0000  36.0000 0000000   0.0000 347.0400 15.12078246617440
STARLINK-1075
1 70521U 98065A   24215.50000000 -.00022620  00000-0  13156-2 0  1007
2 70521  53.0000  54.0000 0000000   0.0000   2.1600 15.12078246159201
STARLINK-1076
1 81255U 98065A   24215.50000000 -.00022620  00000-0  13156-2 0  1008
2 81255  53.0000  54.0000 0000000   0.0000  16.5600 15.12078246929916
STARLINK-1077
1 48059U 98065A   24215.50000000 -.00022620  00000-0  13156-2 0  1004
2 48059  53.0000  54.0000 0000000   0.0000  30.9600 15.12078246707152
STARLINK-1078
1 83258U 98065A   24215.50000000 -.00022620  00000-0  13156-2 0  1001
2 83258  53.0000  54.0000 0000000   0.0000  45.3600 15.12078246523374
STARLINK-1079
1 56986U 98065A   24215.50000000 -.00022620  00000-0  13156-2 0  1001
2 56986  53.0000  54.0000 0000000   0.0000  59.7600 15.12078246290108
STARLINK-1080
1 99711U 98065A   24215.50000000 -.00022620  00000-0  13156-2 0  1000
2 99711  53.0000  54.0000 0000000   0.0000  74.1600 15.12078246847040
STARLINK-1081
1 41916U 98065A   24215.50000000 -.00022620  00000-0  13156-2 0  1004
2 41916  53.0000  54.0000 0000000   0.0000  88.5600 15.12078246632862
STARLINK-1082
1 94772U 98065A   24215.50000000 -.00022620  00000-0  13156-2 0  1003
2 94772  53.0000  54.0000 0000000   0.0000 102.9600 15.12078246505181
STARLINK-1083
1 22710U 98065A   24215.50000000 -.00022620  00000-0  13156-2 0  1008
2 22710  53.0000  54.0000 0000000   0.0000 117.3600 15.12078246345278
STARLINK-1084
1 23118U 98065A   24215.50000000 -.00022620  00000-0  13156-2 0  1003
2 23118  53.0000  54.0000 0000000   0.0000 131.7600 15.12078246273843
STARLINK-1085
1 75525U 98065A   24215.50000000 -.00022620  00000-0  13156-2 0  1000
2 75525  53.0000  54.0000 0000000   0.0000 146.1600 15.12078246558951
STARLINK-1086
1 64329U 98065A   24215.50000000 -.00022620  00000-0  13156-2 0  1005
2 64329  53.0000  54.0000 0000000   0.0000 160.5600 15.12078246501943
STARLINK-1087
1 49376U 98065A   24215.50000000 -.00022620  00000-0  13156-2 0  1003
2 49376  53.0000  54.0000 0000000   0.0000 174.9600 15.12078246419466
STARLINK-1088
1 72193U 98065A   24215.50000000 -.00022620  00000-0  13156-2 0  1004
2 72193  53.0000  54.0000 0000000   0.0000 189.3600 15.12078246617093
STARLINK-1089
1 13183U 98065A   24215.50000000 -.00022620  00000-0  13156-2 0  1003
2 13183  53.0000  54.0000 0000000   0.0000 203.7600 15.12078246281324
STARLINK-1090
1 63084U 98065A   24215.50000000 -.00022620  00000-0  13156-2 0  1002
2 63084  53.0000  54.0000 0000000   0.0000 218.1600 15.12078246600575
STARLINK-1091
1 15345U 98065A   24215.50000000 -.00022620  00000-0  13156-2 0  1006
2 15345  53.0000  54.0000 0000000   0.0000 232.5600 15.12078246291103
STARLINK-1092
1 50212U 98065A   24215.50000000 -.00022620  00000-0  13156-2 0  1005
2 50212  53.0000  54.0000 0000000   0.0000 246.9600 15.12078246461016
STARLINK-1093
1 24692U 98065A   24215.50000000 -.00022620  00000-0  13156-2 0  1003
2 24692  53.0000  54.0000 0000000   0.0000 261.3600 15.12078246912200
STARLINK-1094
1 71248U 98065A   24215.50000000 -.00022620  00000-0  13156-2 0  1005
2 71248  53.0000  54.0000 0000000   0.0000 275.7600 15.12078246232552
STARLINK-1095
1 31943U 98065A   24215.50000000 -.00022620  00000-0  13156-2 0  1007
2 31943  53.0000  54.0000 0000000   0.0000 290.1600 15.12078246526028
STARLINK-1096
1 19243U 98065A   24215.50000000 -.00022620  00000-0  13156-2 0  1003
2 19243  53.0000  54.0000 0000000   0.0000 304.5600 15.12078246453212
STARLINK-1097
1 86941U 98065A   24215.50000000 -.00022620  00000-0  13156-2 0  1000
2 86941  53.0000  54.0000 0000000   0.0000 318.9600 15.12078246998703
STARLINK-1098
1 27873U 98065A   24215.50000000 -.00022620  00000-0  13156-2 0  1006
2 27873  53.0000  54.0000 0000000   0.0000 333.3600 15.12078246368260
STARLINK-1099
1 60781U 98065A   24215.50000000 -.00022620  00000-0  13156-2 0  1000
2 60781  53.0000  54.0000 0000000   0.0000 347.7600 15.12078246250042
STARLINK-1100
1 24532U 98065A   24215.50000000 -.00022620  00000-0  13156-2 0  1003
2 24532  53.0000  72.0000 0000000   0.0000   2.8800 15.12078246305901
STARLINK-1101
1 56100U 98065A   24215.50000000 -.00022620  00000-0  13156-2 0  1001
2 56100  53.0000  72.0000 0000000   0.0000  17.2800 15.12078246655251
STARLINK-1102
1 33164U 98065A   24215.50000000 -.00022620  00000-0  13156-2 0  1002
2 33164  53.0000  72.0000 0000000   0.0000  31.6800 15.12078246161581
STARLINK-1103
1 87623U 98065A   24215.50000000 -.00022620  00000-0  13156-2 0  1008
2 87623  53.0000  72.0000 0000000   0.0000  46.0800 15.12078246811637
STARLINK-1104
1 21249U 98065A   24215.50000000 -.00022620  00000-0  13156-2 0  1004
2 21249  53.0000  72.0000 0000000   0.0000  60.4800 15.12078246702126
STARLINK-1105
1 42820U 98065A   24215.50000000 -.00022620  00000-0  13156-2 0  1002
2 42820  53.0000  72.0000 0000000   0.0000  74.8800 15.12078246142867
STARLINK-1106
1 54844U 98065A   24215.50000000 -.00022620  00000-0  13156-2 0  1006
2 54844  53.0000  72.0000 0000000   0.0000  89.2800 15.12078246612025
STARLINK-1107
1 44599U 98065A   24215.50000000 -.00022620  00000-0  13156-2 0  1005
2 44599  53.0000  72.0000 0000000   0.0000 103.6800 15.12078246493508
STARLINK-1108
1 30285U 98065A   24215.50000000 -.00022620  00000-0  13156-2 0  1004
2 30285  53.0000  72.0000 0000000   0.0000 118.0800 15.12078246434095
STARLINK-1109
1 72910U 98065A   24215.50000000 -.00022620  00000-0  13156-2 0  1007
2 72910  53.0000  72.0000 0000000   0.0000 132.4800 15.12078246129191
STARLINK-1110
1 56132U 98065A   24215.50000000 -.00022620  00000-0  13156-2 0  1006
2 56132  53.0000  72.0000 0000000   0.0000 146.8800 15.12078246906223
STARLINK-1111
1 26420U 98065A   24215.50000000 -.00022620  00000-0  13156-2 0  1000
2 26420  53.0000  72.0000 0000000   0.0000 161.2800 15.12078246289537
STARLINK-1112
1 42097U 98065A   24215.50000000 -.00022620  00000-0  13156-2 0  1004
2 42097  53.0000  72.0000 0000000   0.0000 175.6800 15.12078246573163
STARLINK-1113
1 56410U 98065A   24215.50000000 -.00022620  00000-0  13156-2 0  1000
2 56410  53.0000  72.0000 0000000   0.0000 190.0800 15.12078246979351
STARLINK-1114
1 36446U 98065A   24215.50000000 -.00022620  00000-0  13156-2 0  1005
2 36446  53.0000  72.0000 0000000   0.0000 204.4800 15.12078246398807
STARLINK-1115
1 40291U 98065A   24215.50000000 -.00022620  00000-0  13156-2 0  1003
2 40291  53.0000  72.0000 0000000   0.0000 218.8800 15.12078246883972
STARLINK-1116
1 62361U 98065A   24215.50000000 -.00022620  00000-0  13156-2 0  1007
2 62361  53.0000  72.0000 0000000   0.0000 233.2800 15.12078246236792
STARLINK-1117
1 74737U 98065A   24215.50000000 -.00022620  00000-0  13156-2 0  1003
2 74737  53.0000  72.0000 0000000   0.0000 247.6800 15.12078246516021
STARLINK-1118
1 30515U 98065A   24215.50000000 -.00022620  00000-0  13156-2 0  1000
2 30515  53.0000  72.0000 0000000   0.0000 262.0800 15.12078246556433
STARLINK-1119
1 62916U 98065A   24215.50000000 -.00022620  00000-0  13156-2 0  1001
2 62916  53.0000  72.0000 0000000   0.0000 276.4800 15.12078246380208
STARLINK-1120
1 41081U 98065A   24215.50000000 -.00022620  00000-0  13156-2 0  1001
2 41081  53.0000  72.0000 0000000   0.0000 290.8800 15.12078246263903
STARLINK-1121
1 46274U 98065A   24215.50000000 -.00022620  00000-0  13156-2 0  1003
2 46274  53.0000  72.0000 0000000   0.0000 305.2800 15.12078246964472
STARLINK-1122
1 48965U 98065A   24215.50000000 -.00022620  00000-0  13156-2 0  1001
2 48965  53.0000  72.0000 0000000   0.0000 319.6800 15.12078246334067
STARLINK-1123
1 42081U 98065A   24215.50000000 -.00022620  00000-0  13156-2 0  1005
2 42081  53.0000  72.0000 0000000   0.0000 334.0800 15.12078246234698
STARLINK-1124
1 56922U 98065A   24215.50000000 -.00022620  00000-0  13156-2 0  1005
2 56922  53.0000  72.0000 0000000   0.0000 348.4800 15.12078246774775
STARLINK-1125
1 64193U 98065A   24215.50000000 -.00022620  00000-0  13156-2 0  1000
2 64193  53.0000  90.0000 0000000   0.0000   3.6000 15.12078246736563
STARLINK-1126
1 79362U 98065A   24215.50000000 -.00022620  00000-0  13156-2 0  1005
2 79362  53.0000  90.0000 0000000   0.0000  18.0000 15.12078246166218
STARLINK-1127
1 57581U 98065A   24215.50000000 -.00022620  00000-0  13156-2 0  1001
2 57581  53.0000  90.0000 0000000   0.0000  32.4000 15.12078246446173
STARLINK-1128
1 62685U 98065A   24215.50000000 -.00022620  00000-0  13156-2 0  1003
2 62685  53.0000  90.0000 0000000   0.0000  46.8000 15.12078246554450
STARLINK-1129
1 26466U 98065A   24215.50000000 -.00022620  00000-0  13156-2 0  1002
2 26466  53.0000  90.0000 0000000   0.0000  61.2000 15.12078246905383
STARLINK-1130
1 64883U 98065A   24215.50000000 -.00022620  00000-0  13156-2 0  1007
2 64883  53.0000  90.0000 0000000   0.0000  75.6000 15.12078246311583
STARLINK-1131
1 12065U 98065A   24215.50000000 -.00022620  00000-0  13156-2 0  1006
2 12065  53.0000  90.0000 0000000   0.0000  90.0000 15.12078246545124
STARLINK-1132
1 53931U 98065A   24215.50000000 -.00022620  00000-0  13156-2 0  1001
2 53931  53.0000  90.0000 0000000   0.0000 104.4000 15.12078246578246
STARLINK-1133
1 79595U 98065A   24215.50000000 -.00022620  00000-0  13156-2 0  1005
2 79595  53.0000  90.0000 0000000   0.0000 118.8000 15.12078246468596
STARLINK-1134
1 75028U 98065A   24215.50000000 -.00022620  00000-0  13156-2 0  1002
2 75028  53.0000  90.0000 0000000   0.0000 133.2000 15.12078246602646
STARLINK-1135
1 38782U 98065A   24215.50000000 -.00022620  00000-0  13156-2 0  1007
2 38782  53.0000  90.0000 0000000   0.0000 147.6000 15.12078246743493
STARLINK-1136
1 53553U 98065A   24215.50000000 -.00022620  00000-0  13156-2 0  1008
2 53553  53.0000  90.0000 0000000   0.0000 162.0000 15.12078246613891
STARLINK-1137
1 31099U 98065A   24215.50000000 -.00022620  00000-0  13156-2 0  1003
2 31099  53.0000  90.0000 0000000   0.0000 176.4000 15.12078246448684
STARLINK-1138
1 13302U 98065A   24215.50000000 -.00022620  00000-0  13156-2 0  1000
2 13302  53.0000  90.0000 0000000   0.0000 190.8000 15.12078246688771
STARLINK-1139
1 60008U 98065A   24215.50000000 -.00022620  00000-0  13156-2 0  1004
2 60008  53.0000  90.0000 0000000   0.0000 205.2000 15.12078246973383
STARLINK-1140
1 66908U 98065A   24215.50000000 -.00022620  00000-0  13156-2 0  1007
2 66908  53.0000  90.0000 0000000   0.0000 219.6000 15.12078246857422
STARLINK-1141
1 67481U 98065A   24215.50000000 -.00022620  00000-0  13156-2 0  1002
2 67481  53.0000  90.0000 0000000   0.0000 234.0000 15.12078246435177
STARLINK-1142
1 43883U 98065A   24215.50000000 -.00022620  00000-0  13156-2 0  1002
2 43883  53.0000  90.0000 0000000   0.0000 248.4000 15.12078246101012
STARLINK-1143
1 88906U 98065A   24215.50000000 -.00022620  00000-0  13156-2 0  1004
2 88906  53.0000  90.0000 0000000   0.0000 262.8000 15.12078246337785
STARLINK-1144
1 44465U 98065A   24215.50000000 -.00022620  00000-0  13156-2 0  1004
2 44465  53.0000  90.0000 0000000   0.0000 277.2000 15.12078246583686
STARLINK-1145
1 54604U 98065A   24215.50000000 -.00022620  00000-0  13156-2 0  1007
2 54604  53.0000  90.0000 0000000   0.0000 291.6000 15.12078246165135
STARLINK-1146
1 78078U 98065A   24215.50000000 -.00022620  00000-0  13156-2 0  1006
2 78078  53.0000  90.0000 0000000   0.0000 306.0000 15.12078246218413
STARLINK-1147
1 45160U 98065A   24215.50000000 -.00022620  00000-0  13156-2 0  1000
2 45160  53.0000  90.0000 0000000   0.0000 320.4000 15.12078246477992
STARLINK-1148
1 79263U 98065A   24215.50000000 -.00022620  00000-0  13156-2 0  1001
2 79263  53.0000  90.0000 0000000   0.0000 334.8000 15.12078246371978
STARLINK-1149
1 65620U 98065A   24215.50000000 -.00022620  00000-0  13156-2 0  1005
2 65620  53.0000  90.0000 0000000   0.0000 349.2000 15.12078246397648
STARLINK-1150
1 35955U 98065A   24215.50000000 -.00022620  00000-0  13156-2 0  1000
2 35955  53.0000 108.0000 0000000   0.0000   4.3200 15.12078246783228
STARLINK-1151
1 35816U 98065A   24215.50000000 -.00022620  00000-0  13156-2 0  1001
2 35816  53.0000 108.0000 0000000   0.0000  18.7200 15.12078246982624
STARLINK-1152
1 75622U 98065A   24215.50000000 -.00022620  00000-0  13156-2 0  1007
2 75622  53.0000 108.0000 0000000   0.0000  33.1200 15.12078246918283
STARLINK-1153
1 72262U 98065A   24215.50000000 -.00022620  00000-0  13156-2 0  1005
2 72262  53.0000 108.0000 0000000   0.0000  47.5200 15.12078246827593
STARLINK-1154
1 47672U 98065A   24215.50000000 -.00022620  00000-0  13156-2 0  1000
2 47672  53.0000 108.0000 0000000   0.0000  61.9200 15.12078246410598
STARLINK-1155
1 68071U 98065A   24215.50000000 -.00022620  00000-0  13156-2 0  1007
2 68071  53.0000 108.0000 0000000   0.0000  76.3200 15.12078246747945
STARLINK-1156
1 71914U 98065A   24215.50000000 -.00022620  00000-0  13156-2 0  1003
2 71914  53.0000 108.0000 0000000   0.0000  90.7200 15.12078246385875
STARLINK-1157
1 40404U 98065A   24215.50000000 -.00022620  00000-0  13156-2 0  1000
2 40404  53.0000 108.0000 0000000   0.0000 105.1200 15.12078246654921
STARLINK-1158
1 67234U 98065A   24215.50000000 -.00022620  00000-0  13156-2 0  1002
2 67234  53.0000 108.0000 0000000   0.0000 119.5200 15.12078246624263
STARLINK-1159
1 26738U 98065A   24215.50000000 -.00022620  00000-0  13156-2 0  1006
2 26738  53.0000 108.0000 0000000   0.0000 133.9200 15.12078246382134
STARLINK-1160
1 58832U 98065A   24215.50000000 -.00022620  00000-0  13156-2 0  1003
2 58832  53.0000 108.0000 0000000   0.0000 148.3200 15.12078246712160
STARLINK-1161
1 30261U 98065A   24215.50000000 -.00022620  00000-0  13156-2 0  1001
2 30261  53.0000 108.0000 0000000   0.0000 162.7200 15.12078246138638
STARLINK-1162
1 60717U 98065A   24215.50000000 -.00022620  00000-0  13156-2 0  1001
2 60717  53.0000 108.0000 0000000   0.0000 177.1200 15.12078246844030
STARLINK-1163
1 19689U 98065A   24215.50000000 -.00022620  00000-0  13156-2 0  1001
2 19689  53.0000 108.0000 0000000   0.0000 191.5200 15.12078246729572
STARLINK-1164
1 25363U 98065A   24215.50000000 -.00022620  00000-0  13156-2 0  1002
2 25363  53.0000 108.0000 0000000   0.0000 205.9200 15.12078246752884
STARLINK-1165
1 98649U 98065A   24215.50000000 -.00022620  00000-0  13156-2 0  1008
2 98649  53.0000 108.0000 0000000   0.0000 220.3200 15.12078246919558
STARLINK-1166
1 78984U 98065A   24215.50000000 -.00022620  00000-0  13156-2 0  1002
2 78984  53.0000 108.0000 0000000   0.0000 234.7200 15.12078246821756
STARLINK-1167
1 33260U 98065A   24215.50000000 -.00022620  00000-0  13156-2 0  1000
2 33260  53.0000 108.0000 0000000   0.0000 249.1200 15.12078246495444
STARLINK-1168
1 39335U 98065A   24215.50000000 -.00022620  00000-0  13156-2 0  1006
2 39335  53.0000 108.0000 0000000   0.0000 263.5200 15.12078246319414
STARLINK-1169
1 41534U 98065A   24215.50000000 -.00022620  00000-0  13156-2 0  1005
2 41534  53.0000 108.0000 0000000   0.0000 277.9200 15.12078246589107
STARLINK-1170
1 80571U 98065A   24215.50000000 -.00022620  00000-0  13156-2 0  1005
2 80571  53.0000 108.0000 0000000   0.0000 292.3200 15.12078246465964
STARLINK-1171
1 12476U 98065A   24215.50000000 -.00022620  00000-0  13156-2 0  1000
2 12476  53.0000 108.0000 0000000   0.0000 306.7200 15.12078246650005
STARLINK-1172
1 86733U 98065A   24215.50000000 -.00022620  00000-0  13156-2 0  1004
2 86733  53.0000 108.0000 0000000   0.0000 321.1200 15.12078246237838
STARLINK-1173
1 34170U 98065A   24215.50000000 -.00022620  00000-0  13156-2 0  1008
2 34170  53.0000 108.0000 0000000   0.0000 335.5200 15.12078246598578
STARLINK-1174
1 77755U 98065A   24215.50000000 -.00022620  00000-0  13156-2 0  1000
2 77755  53.0000 108.0000 0000000   0.0000 349.9200 15.12078246271668
STARLINK-1175
1 80657U 98065A   24215.50000000 -.00022620  00000-0  13156-2 0  1008
2 80657  53.0000 126.0000 0000000   0.0000   5.0400 15.12078246223922
STARLINK-1176
1 66672U 98065A   24215.50000000 -.00022620  00000-0  13156-2 0  1004
2 66672  53.0000 126.0000 0000000   0.0000  19.4400 15.12078246829505
STARLINK-1177
1 38652U 98065A   24215.50000000 -.00022620  00000-0  13156-2 0  1007
2 38652  53.0000 126.0000 0000000   0.0000  33.8400 15.12078246855426
STARLINK-1178
1 33923U 98065A   24215.50000000 -.00022620  00000-0  13156-2 0  1005
2 33923  53.0000 126.0000 0000000   0.0000  48.2400 15.12078246941928
STARLINK-1179
1 94481U 98065A   24215.50000000 -.00022620  00000-0  13156-2 0  1006
2 94481  53.0000 126.0000 0000000   0.0000  62.6400 15.12078246298176
STARLINK-1180
1 89739U 98065A   24215.50000000 -.00022620  00000-0  13156-2 0  1005
2 89739  53.0000 126.0000 0000000   0.0000  77.0400 15.12078246126405
STARLINK-1181
1 34927U 98065A   24215.50000000 -.00022620  00000-0  13156-2 0  1001
2 34927  53.0000 126.0000 0000000   0.0000  91.4400 15.12078246963956
STARLINK-1182
1 25600U 98065A   24215.50000000 -.00022620  00000-0  13156-2 0  1005
2 25600  53.0000 126.0000 0000000   0.0000 105.8400 15.12078246312298
STARLINK-1183
1 20031U 98065A   24215.50000000 -.00022620  00000-0  13156-2 0  1002
2 20031  53.0000 126.0000 0000000   0.0000 120.2400 15.12078246814547
STARLINK-1184
1 57819U 98065A   24215.50000000 -.00022620  00000-0  13156-2 0  1007
2 57819  53.0000 126.0000 0000000   0.0000 134.6400 15.12078246818457
STARLINK-1185
1 65707U 98065A   24215.50000000 -.00022620  00000-0  13156-2 0  1002
2 65707  53.0000 126.0000 0000000   0.0000 149.0400 15.12078246304245
STARLINK-1186
1 85714U 98065A   24215.50000000 -.00022620  00000-0  13156-2 0  1004
2 85714  53.0000 126.0000 0000000   0.0000 163.4400 15.12078246641716
STARLINK-1187
1 81633U 98065A   24215.50000000 -.00022620  00000-0  13156-2 0  1001
2 81633  53.0000 126.0000 0000000   0.0000 177.8400 15.12078246208144
STARLINK-1188
1 71854U 98065A   24215.50000000 -.00022620  00000-0  13156-2 0  1000
2 71854  53.0000 126.0000 0000000   0.0000 192.2400 15.12078246168176
STARLINK-1189
1 50238U 98065A   24215.50000000 -.00022620  00000-0  13156-2 0  1003
2 50238  53.0000 126.0000 0000000   0.0000 206.6400 15.12078246594058
STARLINK-1190
1 32481U 98065A   24215.50000000 -.00022620  00000-0  13156-2 0  1007
2 32481  53.0000 126.0000 0000000   0.0000 221.0400 15.12078246331131
STARLINK-1191
1 75288U 98065A   24215.50000000 -.00022620  00000-0  13156-2 0  1003
2 75288  53.0000 126.0000 0000000   0.0000 235.4400 15.12078246249150
STARLINK-1192
1 27038U 98065A   24215.50000000 -.00022620  00000-0  13156-2 0  1005
2 27038  53.0000 126.0000 0000000   0.0000 249.8400 15.12078246236058
STARLINK-1193
1 54178U 98065A   24215.50000000 -.00022620  00000-0  13156-2 0  1001
2 54178  53.0000 126.0000 0000000   0.0000 264.2400 15.12078246390814
STARLINK-1194
1 27168U 98065A   24215.50000000 -.00022620  00000-0  13156-2 0  1000
2 27168  53.0000 126.0000 0000000   0.0000 278.6400 15.12078246227148
STARLINK-1195
1 79635U 98065A   24215.50000000 -.00022620  00000-0  13156-2 0  1004
2 79635  53.0000 126.0000 0000000   0.0000 293.0400 15.12078246698651
STARLINK-1196
1 12918U 98065A   24215.50000000 -.00022620  00000-0  13156-2 0  1005
2 12918  53.0000 126.0000 0000000   0.0000 307.4400 15.12078246347524
STARLINK-1197
1 88863U 98065A   24215.50000000 -.00022620  00000-0  13156-2 0  1000
2 88863  53.0000 126.0000 0000000   0.0000 321.8400 15.12078246729026
STARLINK-1198
1 50559U 98065A   24215.50000000 -.00022620  00000-0  13156-2 0  1001
2 50559  53.0000 126.0000 0000000   0.0000 336.2400 15.12078246920842
STARLINK-1199
1 36440U 98065A   24215.50000000 -.00022620  00000-0  13156-2 0  1002
2 36440  53.0000 126.0000 0000000   0.0000 350.6400 15.12078246208293
STARLINK-1200
1 34910U 98065A   24215.50000000 -.00022620  00000-0  13156-2 0  1005
2 34910  53.0000 144.0000 0000000   0.0000   5.7600 15.12078246799602
STARLINK-1201
1 91611U 98065A   24215.50000000 -.00022620  00000-0  13156-2 0  1001
2 91611  53.0000 144.0000 0000000   0.0000  20.1600 15.12078246290927
STARLINK-1202
1 48380U 98065A   24215.50000000 -.00022620  00000-0  13156-2 0  1000
2 48380  53.0000 144.0000 0000000   0.0000  34.5600 15.12078246383270
STARLINK-1203
1 12646U 98065A   24215.50000000 -.00022620  00000-0  13156-2 0  1000
2 12646  53.0000 144.0000 0000000   0.0000  48.9600 15.12078246530094
STARLINK-1204
1 54310U 98065A   24215.50000000 -.00022620  00000-0  13156-2 0  1007
2 54310  53.0000 144.0000 0000000   0.0000  63.3600 15.12078246698585
STARLINK-1205
1 16281U 98065A   24215.50000000 -.00022620  00000-0  13156-2 0  1004
2 16281  53.0000 144.0000 0000000   0.0000  77.7600 15.12078246528144
STARLINK-1206
1 80605U 98065A   24215.50000000 -.00022620  00000-0  13156-2 0  1007
2 80605  53.0000 144.0000 0000000   0.0000  92.1600 15.12078246982488
STARLINK-1207
1 36228U 98065A   24215.50000000 -.00022620  00000-0  13156-2 0  1001
2 36228  53.0000 144.0000 0000000   0.0000 106.5600 15.12078246710396
STARLINK-1208
1 71164U 98065A   24215.50000000 -.00022620  00000-0  13156-2 0  1001
2 71164  53.0000 144.0000 0000000   0.0000 120.9600 15.12078246549521
STARLINK-1209
1 92225U 98065A   24215.50000000 -.00022620  00000-0  13156-2 0  1002
2 92225  53.0000 144.0000 0000000   0.0000 135.3600 15.12078246604466
STARLINK-1210
1 27337U 98065A   24215.50000000 -.00022620  00000-0  13156-2 0  1007
2 27337  53.0000 144.0000 0000000   0.0000 149.7600 15.12078246328472
STARLINK-1211
1 57805U 98065A   24215.50000000 -.00022620  00000-0  13156-2 0  1005
2 57805  53.0000 144.0000 0000000   0.0000 164.1600 15.12078246657120
STARLINK-1212
1 50133U 98065A   24215.50000000 -.00022620  00000-0  13156-2 0  1004
2 50133  53.0000 144.0000 0000000   0.0000 178.5600 15.12078246301221
STARLINK-1213
1 38232U 98065A   24215.50000000 -.00022620  00000-0  13156-2 0  1007
2 38232  53.0000 144.0000 0000000   0.0000 192.9600 15.12078246574014
STARLINK-1214
1 17593U 98065A   24215.50000000 -.00022620  00000-0  13156-2 0  1008
2 17593  53.0000 144.0000 0000000   0.0000 207.3600 15.12078246698243
STARLINK-1215
1 34214U 98065A   24215.50000000 -.00022620  00000-0  13156-2 0  1004
2 34214  53.0000 144.0000 0000000   0.0000 221.7600 15.12078246194267
STARLINK-1216
1 56500U 98065A   24215.50000000 -.00022620  00000-0  13156-2 0  1007
2 56500  53.0000 144.0000 0000000   0.0000 236.1600 15.12078246790580
STARLINK-1217
1 93198U 98065A   24215.50000000 -.00022620  00000-0  13156-2 0  1007
2 93198  53.0000 144.0000 0000000   0.0000 250.5600 15.12078246133490
STARLINK-1218
1 97141U 98065A   24215.50000000 -.00022620  00000-0  13156-2 0  1004
2 97141  53.0000 144.0000 0000000   0.0000 264.9600 15.12078246402583
STARLINK-1219
1 85427U 98065A   24215.50000000 -.00022620  00000-0  13156-2 0  1007
2 85427  53.0000 144.0000 0000000   0.0000 279.3600 15.12078246923062
STARLINK-1220
1 11467U 98065A   24215.50000000 -.00022620  00000-0  13156-2 0  1000
2 11467  53.0000 144.0000 0000000   0.0000 293.7600 15.12078246310184
STARLINK-1221
1 93928U 98065A   24215.50000000 -.00022620  00000-0  13156-2 0  1007
2 93928  53.0000 144.0000 0000000   0.0000 308.1600 15.12078246882424
STARLINK-1222
1 72103U 98065A   24215.50000000 -.00022620  00000-0  13156-2 0  1002
2 72103  53.0000 144.0000 0000000   0.0000 322.5600 15.12078246395938
STARLINK-1223
1 20774U 98065A   24215.50000000 -.00022620  00000-0  13156-2 0  1004
2 20774  53.0000 144.0000 0000000   0.0000 336.9600 15.12078246279633
STARLINK-1224
1 16625U 98065A   24215.50000000 -.00022620  00000-0  13156-2 0  1001
2 16625  53.0000 144.0000 0000000   0.0000 351.3600 15.12078246221276
STARLINK-1225
1 84967U 98065A   24215.50000000 -.00022620  00000-0  13156-2 0  1001
2 84967  53.0000 162.0000 0000000   0.0000   6.4800 15.12078246511472
STARLINK-1226
1 12770U 98065A   24215.50000000 -.00022620  00000-0  13156-2 0  1003
2 12770  53.0000 162.0000 0000000   0.0000  20.8800 15.12078246956181
STARLINK-1227
1 35399U 98065A   24215.50000000 -.00022620  00000-0  13156-2 0  1002
2 35399  53.0000 162.0000 0000000   0.0000  35.2800 15.12078246100408
STARLINK-1228
1 33703U 98065A   24215.50000000 -.00022620  00000-0  13156-2 0  1001
2 33703  53.0000 162.0000 0000000   0.0000  49.6800 15.12078246605114
STARLINK-1229
1 11722U 98065A   24215.50000000 -.00022620  00000-0  13156-2 0  1005
2 11722  53.0000 162.0000 0000000   0.0000  64.0800 15.12078246894177
STARLINK-1230
1 21723U 98065A   24215.50000000 -.00022620  00000-0  13156-2 0  1001
2 21723  53.0000 162.0000 0000000   0.0000  78.4800 15.12078246874536
STARLINK-1231
1 39826U 98065A   24215.50000000 -.00022620  00000-0  13156-2 0  1003
2 39826  53.0000 162.0000 0000000   0.0000  92.8800 15.12078246652721
STARLINK-1232
1 97799U 98065A   24215.50000000 -.00022620  00000-0  13156-2 0  1000
2 97799  53.0000 162.0000 0000000   0.0000 107.2800 15.12078246922574
STARLINK-1233
1 10190U 98065A   24215.50000000 -.00022620  00000-0  13156-2 0  1001
2 10190  53.0000 162.0000 0000000   0.0000 121.6800 15.12078246367166
STARLINK-1234
1 36441U 98065A   24215.50000000 -.00022620  00000-0  13156-2 0  1000
2 36441  53.0000 162.0000 0000000   0.0000 136.0800 15.12078246792183
STARLINK-1235
1 19187U 98065A   24215.50000000 -.00022620  00000-0  13156-2 0  1007
2 19187  53.0000 162.0000 0000000   0.0000 150.4800 15.12078246787613
STARLINK-1236
1 91861U 98065A   24215.50000000 -.00022620  00000-0  13156-2 0  1003
2 91861  53.0000 162.0000 0000000   0.0000 164.8800 15.12078246571956
STARLINK-1237
1 96375U 98065A   24215.50000000 -.00022620  00000-0  13156-2 0  1004
2 96375  53.0000 162.0000 0000000   0.0000 179.2800 15.12078246470932
STARLINK-1238
1 64870U 98065A   24215.50000000 -.00022620  00000-0  13156-2 0  1000
2 64870  53.0000 162.0000 0000000   0.0000 193.6800 15.12078246509746
STARLINK-1239
1 34690U 98065A   24215.50000000 -.00022620  00000-0  13156-2 0  1003
2 34690  53.0000 162.0000 0000000   0.0000 208.0800 15.12078246959565
STARLINK-1240
1 12159U 98065A   24215.50000000 -.00022620  00000-0  13156-2 0  1003
2 12159  53.0000 162.0000 0000000   0.0000 222.4800 15.12078246269766
STARLINK-1241
1 95265U 98065A   24215.50000000 -.00022620  00000-0  13156-2 0  1003
2 95265  53.0000 162.0000 0000000   0.0000 236.8800 15.12078246321003
STARLINK-1242
1 28040U 98065A   24215.50000000 -.00022620  00000-0  13156-2 0  1006
2 28040  53.0000 162.0000 0000000   0.0000 251.2800 15.12078246476485
STARLINK-1243
1 29937U 98065A   24215.50000000 -.00022620  00000-0  13156-2 0  1004
2 29937  53.0000 162.0000 0000000   0.0000 265.6800 15.12078246367990
STARLINK-1244
1 26322U 98065A   24215.50000000 -.00022620  00000-0  13156-2 0  1008
2 26322  53.0000 162.0000 0000000   0.0000 280.0800 15.12078246104985
STARLINK-1245
1 56610U 98065A   24215.50000000 -.00022620  00000-0  13156-2 0  1001
2 56610  53.0000 162.0000 0000000   0.0000 294.4800 15.12078246668152
STARLINK-1246
1 21316U 98065A   24215.50000000 -.00022620  00000-0  13156-2 0  1002
2 21316  53.0000 162.0000 0000000   0.0000 308.8800 15.12078246845453
STARLINK-1247
1 75720U 98065A   24215.50000000 -.00022620  00000-0  13156-2 0  1000
2 75720  53.0000 162.0000 0000000   0.0000 323.2800 15.12078246840362
STARLINK-1248
1 53137U 98065A   24215.50000000 -.00022620  00000-0  13156-2 0  1001
2 53137  53.0000 162.0000 0000000   0.0000 337.6800 15.12078246336447
STARLINK-1249
1 36614U 98065A   24215.50000000 -.00022620  00000-0  13156-2 0  1002
2 36614  53.0000 162.0000 0000000   0.0000 352.0800 15.12078246847603
STARLINK-1250
1 36022U 98065A   24215.50000000 -.00022620  00000-0  13156-2 0  1007
2 36022  53.0000 180.0000 0000000   0.0000   7.2000 15.12078246566792
STARLINK-1251
1 86149U 98065A   24215.50000000 -.00022620  00000-0  13156-2 0  1006
2 86149  53.0000 180.0000 0000000   0.0000  21.6000 15.12078246288503
STARLINK-1252
1 55718U 98065A   24215.50000000 -.00022620  00000-0  13156-2 0  1007
2 55718  53.0000 180.0000 0000000   0.0000  36.0000 15.12078246444398
STARLINK-1253
1 56171U 98065A   24215.50000000 -.00022620  00000-0  13156-2 0  1004
2 56171  53.0000 180.0000 0000000   0.0000  50.4000 15.12078246975683
STARLINK-1254
1 34336U 98065A   24215.50000000 -.00022620  00000-0  13156-2 0  1006
2 34336  53.0000 180.0000 0000000   0.0000  64.8000 15.12078246695988
STARLINK-1255
1 76986U 98065A   24215.50000000 -.00022620  00000-0  13156-2 0  1003
2 76986  53.0000 180.0000 0000000   0.0000  79.2000 15.12078246307905
STARLINK-1256
1 32518U 98065A   24215.50000000 -.00022620  00000-0  13156-2 0  1002
2 32518  53.0000 180.0000 0000000   0.0000  93.6000 15.12078246148946
STARLINK-1257
1 28866U 98065A   24215.50000000 -.00022620  00000-0  13156-2 0  1005
2 28866  53.0000 180.0000 0000000   0.0000 108.0000 15.12078246215808
STARLINK-1258
1 73569U 98065A   24215.50000000 -.00022620  00000-0  13156-2 0  1003
2 73569  53.0000 180.0000 0000000   0.0000 122.4000 15.12078246537700
STARLINK-1259
1 27325U 98065A   24215.50000000 -.00022620  00000-0  13156-2 0  1005
2 27325  53.0000 180.0000 0000000   0.0000 136.8000 15.12078246449364
STARLINK-1260
1 40872U 98065A   24215.50000000 -.00022620  00000-0  13156-2 0  1005
2 40872  53.0000 180.0000 0000000   0.0000 151.2000 15.12078246763700
STARLINK-1261
1 83548U 98065A   24215.50000000 -.00022620  00000-0  13156-2 0  1001
2 83548  53.0000 180.0000 0000000   0.0000 165.6000 15.12078246712825
STARLINK-1262
1 88584U 98065A   24215.50000000 -.00022620  00000-0  13156-2 0  1002
2 88584  53.0000 180.0000 0000000   0.0000 180.0000 15.12078246491213
STARLINK-1263
1 17680U 98065A   24215.50000000 -.00022620  00000-0  13156-2 0  1000
2 17680  53.0000 180.0000 0000000   0.0000 194.4000 15.12078246351170
STARLINK-1264
1 90344U 98065A   24215.50000000 -.00022620  00000-0  13156-2 0  1001
2 90344  53.0000 180.0000 0000000   0.0000 208.8000 15.12078246686474
STARLINK-1265
1 43417U 98065A   24215.50000000 -.00022620  00000-0  13156-2 0  1008
2 43417  53.0000 180.0000 0000000   0.0000 223.2000 15.12078246148774
STARLINK-1266
1 76436U 98065A   24215.50000000 -.00022620  00000-0  13156-2 0  1000
2 76436  53.0000 180.0000 0000000   0.0000 237.6000 15.12078246614243
STARLINK-1267
1 33788U 98065A   24215.50000000 -.00022620  00000-0  13156-2 0  1007
2 33788  53.0000 180.0000 0000000   0.0000 252.0000 15.12078246918420
STARLINK-1268
1 43656U 98065A   24215.50000000 -.00022620  00000-0  13156-2 0  1006
2 43656  53.0000 180.0000 0000000   0.0000 266.4000 15.12078246749001
STARLINK-1269
1 32501U 98065A   24215.50000000 -.00022620  00000-0  13156-2 0  1003
2 32501  53.0000 180.0000 0000000   0.0000 280.8000 15.12078246128470
STARLINK-1270
1 72803U 98065A   24215.50000000 -.00022620  00000-0  13156-2 0  1001
2 72803  53.0000 180.0000 0000000   0.0000 295.2000 15.12078246230023
STARLINK-1271
1 61589U 98065A   24215.50000000 -.00022620  00000-0  13156-2 0  1003
2 61589  53.0000 180.0000 0000000   0.0000 309.6000 15.12078246851953
STARLINK-1272
1 23054U 98065A   24215.50000000 -.00022620  00000-0  13156-2 0  1000
2 23054  53.0000 180.0000 0000000   0.0000 324.0000 15.12078246993613
STARLINK-1273
1 34803U 98065A   24215.50000000 -.00022620  00000-0  13156-2 0  1003
2 34803  53.0000 180.0000 0000000   0.0000 338.4000 15.12078246875483
STARLINK-1274
1 60739U 98065A   24215.50000000 -.00022620  00000-0  13156-2 0  1002
2 60739  53.0000 180.0000 0000000   0.0000 352.8000 15.12078246783768
STARLINK-1275
1 49762U 98065A   24215.50000000 -.00022620  00000-0  13156-2 0  1008
2 49762  53.0000 198.0000 0000000   0.0000   7.9200 15.12078246492420
STARLINK-1276
1 66285U 98065A   24215.50000000 -.00022620  00000-0  13156-2 0  1005
2 66285  53.0000 198.0000 0000000   0.0000  22.3200 15.12078246218595
STARLINK-1277
1 17909U 98065A   24215.50000000 -.00022620  00000-0  13156-2 0  1002
2 17909  53.0000 198.0000 0000000   0.0000  36.7200 15.12078246299266
STARLINK-1278
1 30680U 98065A   24215.50000000 -.00022620  00000-0  13156-2 0  1006
2 30680  53.0000 198.0000 0000000   0.0000  51.1200 15.12078246394993
STARLINK-1279
1 60249U 98065A   24215.50000000 -.00022620  00000-0  13156-2 0  1006
2 60249  53.0000 198.0000 0000000   0.0000  65.5200 15.12078246259737
STARLINK-1280
1 13010U 98065A   24215.50000000 -.00022620  00000-0  13156-2 0  1003
2 13010  53.0000 198.0000 0000000   0.0000  79.9200 15.12078246288464
STARLINK-1281
1 36672U 98065A   24215.50000000 -.00022620  00000-0  13156-2 0  1006
2 36672  53.0000 198.0000 0000000   0.0000  94.3200 15.12078246944005
STARLINK-1282
1 91906U 98065A   24215.50000000 -.00022620  00000-0  13156-2 0  1002
2 91906  53.0000 198.0000 0000000   0.0000 108.7200 15.12078246896744
STARLINK-1283
1 35075U 98065A   24215.50000000 -.00022620  00000-0  13156-2 0  1003
2 35075  53.0000 198.0000 0000000   0.0000 123.1200 15.12078246701952
STARLINK-1284
1 28265U 98065A   24215.50000000 -.00022620  00000-0  13156-2 0  1007
2 28265  53.0000 198.0000 0000000   0.0000 137.5200 15.12078246204718
STARLINK-1285
1 74772U 98065A   24215.50000000 -.00022620  00000-0  13156-2 0  1000
2 74772  53.0000 198.0000 0000000   0.0000 151.9200 15.12078246149023
STARLINK-1286
1 70063U 98065A   24215.50000000 -.00022620  00000-0  13156-2 0  1000
2 70063  53.0000 198.0000 0000000   0.0000 166.3200 15.12078246728653
STARLINK-1287
1 86049U 98065A   24215.50000000 -.00022620  00000-0  13156-2 0  1006
2 86049  53.0000 198.0000 0000000   0.0000 180.7200 15.12078246334705
STARLINK-1288
1 50631U 98065A   24215.50000000 -.00022620  00000-0  13156-2 0  1007
2 50631  53.0000 198.0000 0000000   0.0000 195.1200 15.12078246413596
STARLINK-1289
1 53179U 98065A   24215.50000000 -.00022620  00000-0  13156-2 0  1007
2 53179  53.0000 198.0000 0000000   0.0000 209.5200 15.12078246923095
STARLINK-1290
1 50702U 98065A   24215.50000000 -.00022620  00000-0  13156-2 0  1006
2 50702  53.0000 198.0000 0000000   0.0000 223.9200 15.12078246618700
STARLINK-1291
1 57062U 98065A   24215.50000000 -.00022620  00000-0  13156-2 0  1007
2 57062  53.0000 198.0000 0000000   0.0000 238.3200 15.12078246920283
STARLINK-1292
1 39193U 98065A   24215.50000000 -.00022620  00000-0  13156-2 0  1005
2 39193  53.0000 198.0000 0000000   0.0000 252.7200 15.12078246250387
STARLINK-1293
1 96971U 98065A   24215.50000000 -.00022620  00000-0  13156-2 0  1003
2 96971  53.0000 198.0000 0000000   0.0000 267.1200 15.12078246614908
STARLINK-1294
1 33422U 98065A   24215.50000000 -.00022620  00000-0  13156-2 0  1001
2 33422  53.0000 198.0000 0000000   0.0000 281.5200 15.12078246837512
STARLINK-1295
1 82544U 98065A   24215.50000000 -.00022620  00000-0  13156-2 0  1008
2 82544  53.0000 198.0000 0000000   0.0000 295.9200 15.12078246968498
STARLINK-1296
1 18411U 98065A   24215.50000000 -.00022620  00000-0  13156-2 0  1007
2 18411  53.0000 198.0000 0000000   0.0000 310.3200 15.12078246151105
STARLINK-1297
1 45486U 98065A   24215.50000000 -.00022620  00000-0  13156-2 0  1007
2 45486  53.0000 198.0000 0000000   0.0000 324.7200 15.12078246846137
STARLINK-1298
1 95934U 98065A   24215.50000000 -.00022620  00000-0  13156-2 0  1003
2 95934  53.0000 198.0000 0000000   0.0000 339.1200 15.12078246864981
STARLINK-1299
1 26820U 98065A   24215.50000000 -.00022620  00000-0  13156-2 0  1002
2 26820  53.0000 198.0000 0000000   0.0000 353.5200 15.12078246323812
STARLINK-1300
1 91506U 98065A   24215.50000000 -.00022620  00000-0  13156-2 0  1008
2 91506  53.0000 216.0000 0000000   0.0000   8.6400 15.12078246148623
STARLINK-1301
1 44603U 98065A   24215.50000000 -.00022620  00000-0  13156-2 0  1008
2 44603  53.0000 216.0000 0000000   0.0000  23.0400 15.12078246575768
STARLINK-1302
1 67272U 98065A   24215.50000000 -.00022620  00000-0  13156-2 0  1005
2 67272  53.0000 216.0000 0000000   0.0000  37.4400 15.12078246829468
STARLINK-1303
1 96251U 98065A   24215.50000000 -.00022620  00000-0  13156-2 0  1008
2 96251  53.0000 216.0000 0000000   0.0000  51.8400 15.12078246913077
STARLINK-1304
1 98545U 98065A   24215.50000000 -.00022620  00000-0  13156-2 0  1006
2 98545  53.0000 216.0000 0000000   0.0000  66.2400 15.12078246268642
STARLINK-1305
1 74463U 98065A   24215.50000000 -.00022620  00000-0  13156-2 0  1001
2 74463  53.0000 216.0000 0000000   0.0000  80.6400 15.12078246747228
STARLINK-1306
1 34029U 98065A   24215.50000000 -.00022620  00000-0  13156-2 0  1005
2 34029  53.0000 216.0000 0000000   0.0000  95.0400 15.12078246670831
STARLINK-1307
1 79053U 98065A   24215.50000000 -.00022620  00000-0  13156-2 0  1005
2 79053  53.0000 216.0000 0000000   0.0000 109.4400 15.12078246155826
STARLINK-1308
1 36663U 98065A   24215.50000000 -.00022620  00000-0  13156-2 0  1006
2 36663  53.0000 216.0000 0000000   0.0000 123.8400 15.12078246621983
STARLINK-1309
1 50191U 98065A   24215.50000000 -.00022620  00000-0  13156-2 0  1003
2 50191  53.0000 216.0000 0000000   0.0000 138.2400 15.12078246105850
STARLINK-1310
1 12441U 98065A   24215.50000000 -.00022620  00000-0  13156-2 0  1008
2 12441  53.0000 216.0000 0000000   0.0000 152.6400 15.12078246495642
STARLINK-1311
1 91794U 98065A   24215.50000000 -.00022620  00000-0  13156-2 0  1002
2 91794  53.0000 216.0000 0000000   0.0000 167.0400 15.12078246422052
STARLINK-1312
1 56169U 98065A   24215.50000000 -.00022620  00000-0  13156-2 0  1004
2 56169  53.0000 216.0000 0000000   0.0000 181.4400 15.12078246400200
STARLINK-1313
1 79518U 98065A   24215.50000000 -.00022620  00000-0  13156-2 0  1007
2 79518  53.0000 216.0000 0000000   0.0000 195.8400 15.12078246547408
STARLINK-1314
1 15675U 98065A   24215.50000000 -.00022620  00000-0  13156-2 0  1003
2 15675  53.0000 216.0000 0000000   0.0000 210.2400 15.12078246836163
STARLINK-1315
1 73383U 98065A   24215.50000000 -.00022620  00000-0  13156-2 0  1000
2 73383  53.0000 216.0000 0000000   0.0000 224.6400 15.12078246580246
STARLINK-1316
1 68142U 98065A   24215.50000000 -.00022620  00000-0  13156-2 0  1006
2 68142  53.0000 216.0000 0000000   0.0000 239.0400 15.12078246944668
STARLINK-1317
1 72064U 98065A   24215.50000000 -.00022620  00000-0  13156-2 0  1006
2 72064  53.0000 216.0000 0000000   0.0000 253.4400 15.12078246659507
STARLINK-1318
1 64098U 98065A   24215.50000000 -.00022620  00000-0  13156-2 0  1004
2 64098  53.0000 216.0000 0000000   0.0000 267.8400 15.12078246292377
STARLINK-1319
1 97091U 98065A   24215.50000000 -.00022620  00000-0  13156-2 0  1008
2 97091  53.0000 216.0000 0000000   0.0000 282.2400 15.12078246597755
STARLINK-1320
1 11626U 98065A   24215.50000000 -.00022620  00000-0  13156-2 0  1007
2 11626  53.0000 216.0000 0000000   0.0000 296.6400 15.12078246646828
STARLINK-1321
1 87691U 98065A   24215.50000000 -.00022620  00000-0  13156-2 0  1005
2 87691  53.0000 216.0000 0000000   0.0000 311.0400 15.12078246704812
STARLINK-1322
1 32353U 98065A   24215.50000000 -.00022620  00000-0  13156-2 0  1005
2 32353  53.0000 216.0000 0000000   0.0000 325.4400 15.12078246311711
STARLINK-1323
1 20426U 98065A   24215.50000000 -.00022620  00000-0  13156-2 0  1005
2 20426  53.0000 216.0000 0000000   0.0000 339.8400 15.12078246813164
STARLINK-1324
1 68248U 98065A   24215.50000000 -.00022620  00000-0  13156-2 0  1007
2 68248  53.0000 216.0000 0000000   0.0000 354.2400 15.12078246340501
STARLINK-1325
1 56216U 98065A   24215.50000000 -.00022620  00000-0  13156-2 0  1006
2 56216  53.0000 234.0000 0000000   0.0000   9.3600 15.12078246268096
STARLINK-1326
1 11764U 98065A   24215.50000000 -.00022620  00000-0  13156-2 0  1004
2 11764  53.0000 234.0000 0000000   0.0000  23.7600 15.12078246690202
STARLINK-1327
1 53109U 98065A   24215.50000000 -.00022620  00000-0  13156-2 0  1002
2 53109  53.0000 234.0000 0000000   0.0000  38.1600 15.12078246897077
STARLINK-1328
1 79146U 98065A   24215.50000000 -.00022620  00000-0  13156-2 0  1001
2 79146  53.0000 234.0000 0000000   0.0000  52.5600 15.12078246343181
STARLINK-1329
1 22486U 98065A   24215.50000000 -.00022620  00000-0  13156-2 0  1006
2 22486  53.0000 234.0000 0000000   0.0000  66.9600 15.12078246330753
STARLINK-1330
1 78716U 98065A   24215.50000000 -.00022620  00000-0  13156-2 0  1002
2 78716  53.0000 234.0000 0000000   0.0000  81.3600 15.12078246334085
STARLINK-1331
1 16396U 98065A   24215.50000000 -.00022620  00000-0  13156-2 0  1005
2 16396  53.0000 234.0000 0000000   0.0000  95.7600 15.12078246607617
STARLINK-1332
1 30291U 98065A   24215.50000000 -.00022620  00000-0  13156-2 0  1004
2 30291  53.0000 234.0000 0000000   0.0000 110.1600 15.12078246304055
STARLINK-1333
1 91173U 98065A   24215.50000000 -.00022620  00000-0  13156-2 0  1007
2 91173  53.0000 234.0000 0000000   0.0000 124.5600 15.12078246804987
STARLINK-1334
1 57585U 98065A   24215.50000000 -.00022620  00000-0  13156-2 0  1005
2 57585  53.0000 234.0000 0000000   0.0000 138.9600 15.12078246124022
STARLINK-1335
1 87749U 98065A   24215.50000000 -.00022620  00000-0  13156-2 0  1000
2 87749  53.0000 234.0000 0000000   0.0000 153.3600 15.12078246489146
STARLINK-1336
1 79768U 98065A   24215.50000000 -.00022620  00000-0  13156-2 0  1007
2 79768  53.0000 234.0000 0000000   0.0000 167.7600 15.12078246749830
STARLINK-1337
1 73660U 98065A   24215.50000000 -.00022620  00000-0  13156-2 0  1006
2 73660  53.0000 234.0000 0000000   0.0000 182.1600 15.12078246342434
STARLINK-1338
1 64542U 98065A   24215.50000000 -.00022620  00000-0  13156-2 0  1004
2 64542  53.0000 234.0000 0000000   0.0000 196.5600 15.12078246911808
STARLINK-1339
1 74937U 98065A   24215.50000000 -.00022620  00000-0  13156-2 0  1005
2 74937  53.0000 234.0000 0000000   0.0000 210.9600 15.12078246676778
STARLINK-1340
1 28684U 98065A   24215.50000000 -.00022620  00000-0  13156-2 0  1003
2 28684  53.0000 234.0000 0000000   0.0000 225.3600 15.12078246818230
STARLINK-1341
1 58247U 98065A   24215.50000000 -.00022620  00000-0  13156-2 0  1004
2 58247  53.0000 234.0000 0000000   0.0000 239.7600 15.12078246504448
STARLINK-1342
1 27783U 98065A   24215.50000000 -.00022620  00000-0  13156-2 0  1003
2 27783  53.0000 234.0000 0000000   0.0000 254.1600 15.12078246519326
STARLINK-1343
1 93250U 98065A   24215.50000000 -.00022620  00000-0  13156-2 0  1004
2 93250  53.0000 234.0000 0000000   0.0000 268.5600 15.12078246459890
STARLINK-1344
1 47472U 98065A   24215.50000000 -.00022620  00000-0  13156-2 0  1003
2 47472  53.0000 234.0000 0000000   0.0000 282.9600 15.12078246266367
STARLINK-1345
1 59366U 98065A   24215.50000000 -.00022620  00000-0  13156-2 0  1003
2 59366  53.0000 234.0000 0000000   0.0000 297.3600 15.12078246168001
STARLINK-1346
1 10762U 98065A   24215.50000000 -.00022620  00000-0  13156-2 0  1005
2 10762  53.0000 234.0000 0000000   0.0000 311.7600 15.12078246577113
STARLINK-1347
1 46042U 98065A   24215.50000000 -.00022620  00000-0  13156-2 0  1008
2 46042  53.0000 234.0000 0000000   0.0000 326.1600 15.12078246529634
STARLINK-1348
1 32800U 98065A   24215.50000000 -.00022620  00000-0  13156-2 0  1008
2 32800  53.0000 234.0000 0000000   0.0000 340.5600 15.12078246619326
STARLINK-1349
1 94411U 98065A   24215.50000000 -.00022620  00000-0  13156-2 0  1002
2 94411  53.0000 234.0000 0000000   0.0000 354.9600 15.12078246565356
STARLINK-1350
1 81850U 98065A   24215.50000000 -.00022620  00000-0  13156-2 0  1000
2 81850  53.0000 252.0000 0000000   0.0000  10.0800 15.12078246989725
STARLINK-1351
1 87517U 98065A   24215.50000000 -.00022620  00000-0  13156-2 0  1007
2 87517  53.0000 252.0000 0000000   0.0000  24.4800 15.12078246234084
STARLINK-1352
1 28536U 98065A   24215.50000000 -.00022620  00000-0  13156-2 0  1000
2 28536  53.0000 252.0000 0000000   0.0000  38.8800 15.12078246424802
STARLINK-1353
1 37246U 98065A   24215.50000000 -.00022620  00000-0  13156-2 0  1007
2 37246  53.0000 252.0000 0000000   0.0000  53.2800 15.12078246445980
STARLINK-1354
1 20649U 98065A   24215.50000000 -.00022620  00000-0  13156-2 0  1001
2 20649  53.0000 252.0000 0000000   0.0000  67.6800 15.12078246272490
STARLINK-1355
1 18755U 98065A   24215.50000000 -.00022620  00000-0  13156-2 0  1000
2 18755  53.0000 252.0000 0000000   0.0000  82.0800 15.12078246311266
STARLINK-1356
1 61759U 98065A   24215.50000000 -.00022620  00000-0  13156-2 0  1002
2 61759  53.0000 252.0000 0000000   0.0000  96.4800 15.12078246619481
STARLINK-1357
1 93791U 98065A   24215.50000000 -.00022620  00000-0  13156-2 0  1004
2 93791  53.0000 252.0000 0000000   0.0000 110.8800 15.12078246600737
STARLINK-1358
1 53041U 98065A   24215.50000000 -.00022620  00000-0  13156-2 0  1005
2 53041  53.0000 252.0000 0000000   0.0000 125.2800 15.12078246504004
STARLINK-1359
1 35110U 98065A   24215.50000000 -.00022620  00000-0  13156-2 0  1006
2 35110  53.0000 252.0000 0000000   0.0000 139.6800 15.12078246149951
STARLINK-1360
1 36679U 98065A   24215.50000000 -.00022620  00000-0  13156-2 0  1000
2 36679  53.0000 252.0000 0000000   0.0000 154.0800 15.12078246540326
STARLINK-1361
1 19023U 98065A   24215.50000000 -.00022620  00000-0  13156-2 0  1001
2 19023  53.0000 252.0000 0000000   0.0000 168.4800 15.12078246567418
STARLINK-1362
1 43921U 98065A   24215.50000000 -.00022620  00000-0  13156-2 0  1002
2 43921  53.0000 252.0000 0000000   0.0000 182.8800 15.12078246147021
STARLINK-1363
1 43072U 98065A   24215.50000000 -.00022620  00000-0  13156-2 0  1008
2 43072  53.0000 252.0000 0000000   0.0000 197.2800 15.12078246615795
STARLINK-1364
1 41243U 98065A   24215.50000000 -.00022620  00000-0  13156-2 0  1008
2 41243  53.0000 252.0000 0000000   0.0000 211.6800 15.12078246650756
STARLINK-1365
1 67007U 98065A   24215.50000000 -.00022620  00000-0  13156-2 0  1003
2 67007  53.0000 252.0000 0000000   0.0000 226.0800 15.12078246978794
STARLINK-1366
1 20640U 98065A   24215.50000000 -.00022620  00000-0  13156-2 0  1001
2 20640  53.0000 252.0000 0000000   0.0000 240.4800 15.12078246662857
STARLINK-1367
1 45349U 98065A   24215.50000000 -.00022620  00000-0  13156-2 0  1002
2 45349  53.0000 252.0000 0000000   0.0000 254.8800 15.12078246529292
STARLINK-1368
1 92637U 98065A   24215.50000000 -.00022620  00000-0  13156-2 0  1008
2 92637  53.0000 252.0000 0000000   0.0000 269.2800 15.12078246812945
STARLINK-1369
1 32119U 98065A   24215.50000000 -.00022620  00000-0  13156-2 0  1005
2 32119  53.0000 252.0000 0000000   0.0000 283.6800 15.12078246534172
STARLINK-1370
1 52064U 98065A   24215.50000000 -.00022620  00000-0  13156-2 0  1002
2 52064  53.0000 252.0000 0000000   0.0000 298.0800 15.12078246173491
STARLINK-1371
1 80530U 98065A   24215.50000000 -.00022620  00000-0  13156-2 0  1004
2 80530  53.0000 252.0000 0000000   0.0000 312.4800 15.12078246345693
STARLINK-1372
1 12338U 98065A   24215.50000000 -.00022620  00000-0  13156-2 0  1006
2 12338  53.0000 252.0000 0000000   0.0000 326.8800 15.12078246488046
STARLINK-1373
1 20029U 98065A   24215.50000000 -.00022620  00000-0  13156-2 0  1007
2 20029  53.0000 252.0000 0000000   0.0000 341.2800 15.12078246140535
STARLINK-1374
1 78859U 98065A   24215.50000000 -.00022620  00000-0  13156-2 0  1000
2 78859  53.0000 252.0000 0000000   0.0000 355.6800 15.12078246574556
STARLINK-1375
1 94864U 98065A   24215.50000000 -.00022620  00000-0  13156-2 0  1007
2 94864  53.0000 270.0000 0000000   0.0000  10.8000 15.12078246944860
STARLINK-1376
1 61727U 98065A   24215.50000000 -.00022620  00000-0  13156-2 0  1007
2 61727  53.0000 270.0000 0000000   0.0000  25.2000 15.12078246721670
STARLINK-1377
1 55051U 98065A   24215.50000000 -.00022620  00000-0  13156-2 0  1007
2 55051  53.0000 270.0000 0000000   0.0000  39.6000 15.12078246400944
STARLINK-1378
1 55337U 98065A   24215.50000000 -.00022620  00000-0  13156-2 0  1006
2 55337  53.0000 270.0000 0000000   0.0000  54.0000 15.12078246414630
STARLINK-1379
1 64823U 98065A   24215.50000000 -.00022620  00000-0  13156-2 0  1005
2 64823  53.0000 270.0000 0000000   0.0000  68.4000 15.12078246784098
STARLINK-1380
1 44265U 98065A   24215.50000000 -.00022620  00000-0  13156-2 0  1005
2 44265  53.0000 270.0000 0000000   0.0000  82.8000 15.12078246571708
STARLINK-1381
1 18688U 98065A   24215.50000000 -.00022620  00000-0  13156-2 0  1005
2 18688  53.0000 270.0000 0000000   0.0000  97.2000 15.12078246720827
STARLINK-1382
1 21324U 98065A   24215.50000000 -.00022620  00000-0  13156-2 0  1008
2 21324  53.0000 270.0000 0000000   0.0000 111.6000 15.12078246787868
STARLINK-1383
1 16935U 98065A   24215.50000000 -.00022620  00000-0  13156-2 0  1002
2 16935  53.0000 270.0000 0000000   0.0000 126.0000 15.12078246477978
STARLINK-1384
1 53839U 98065A   24215.50000000 -.00022620  00000-0  13156-2 0  1008
2 53839  53.0000 270.0000 0000000   0.0000 140.4000 15.12078246502715
STARLINK-1385
1 42144U 98065A   24215.50000000 -.00022620  00000-0  13156-2 0  1000
2 42144  53.0000 270.0000 0000000   0.0000 154.8000 15.12078246111773
STARLINK-1386
1 19507U 98065A   24215.50000000 -.00022620  00000-0  13156-2 0  1003
2 19507  53.0000 270.0000 0000000   0.0000 169.2000 15.12078246160454
STARLINK-1387
1 73654U 98065A   24215.50000000 -.00022620  00000-0  13156-2 0  1007
2 73654  53.0000 270.0000 0000000   0.0000 183.6000 15.12078246263417
STARLINK-1388
1 47357U 98065A   24215.50000000 -.00022620  00000-0  13156-2 0  1005
2 47357  53.0000 270.0000 0000000   0.0000 198.0000 15.12078246218868
STARLINK-1389
1 96849U 98065A   24215.50000000 -.00022620  00000-0  13156-2 0  1003
2 96849  53.0000 270.0000 0000000   0.0000 212.4000 15.12078246772755
STARLINK-1390
1 51415U 98065A   24215.50000000 -.00022620  00000-0  13156-2 0  1006
2 51415  53.0000 270.0000 0000000   0.0000 226.8000 15.12078246657270
STARLINK-1391
1 27967U 98065A   24215.50000000 -.00022620  00000-0  13156-2 0  1007
2 27967  53.0000 270.0000 0000000   0.0000 241.2000 15.12078246368491
STARLINK-1392
1 85629U 98065A   24215.50000000 -.00022620  00000-0  13156-2 0  1004
2 85629  53.0000 270.0000 0000000   0.0000 255.6000 15.12078246182800
STARLINK-1393
1 23840U 98065A   24215.50000000 -.00022620  00000-0  13156-2 0  1000
2 23840  53.0000 270.0000 0000000   0.0000 270.0000 15.12078246140044
STARLINK-1394
1 99740U 98065A   24215.50000000 -.00022620  00000-0  13156-2 0  1004
2 99740  53.0000 270.0000 0000000   0.0000 284.4000 15.12078246310175
STARLINK-1395
1 31911U 98065A   24215.50000000 -.00022620  00000-0  13156-2 0  1002
2 31911  53.0000 270.0000 0000000   0.0000 298.8000 15.12078246751193
STARLINK-1396
1 24271U 98065A   24215.50000000 -.00022620  00000-0  13156-2 0  1007
2 24271  53.0000 270.0000 0000000   0.0000 313.2000 15.12078246361674
STARLINK-1397
1 36195U 98065A   24215.50000000 -.00022620  00000-0  13156-2 0  1007
2 36195  53.0000 270.0000 0000000   0.0000 327.6000 15.12078246555050
STARLINK-1398
1 49949U 98065A   24215.50000000 -.00022620  00000-0  13156-2 0  1002
2 49949  53.0000 270.0000 0000000   0.0000 342.0000 15.12078246871633
STARLINK-1399
1 79988U 98065A   24215.50000000 -.00022620  00000-0  13156-2 0  1004
2 79988  53.0000 270.0000 0000000   0.0000 356.4000 15.12078246814820
STARLINK-1400
1 29752U 98065A   24215.50000000 -.00022620  00000-0  13156-2 0  1002
2 29752  53.0000 288.0000 0000000   0.0000  11.5200 15.12078246116750
STARLINK-1401
1 69153U 98065A   24215.50000000 -.00022620  00000-0  13156-2 0  1007
2 69153  53.0000 288.0000 0000000   0.0000  25.9200 15.12078246918193
STARLINK-1402
1 38326U 98065A   24215.50000000 -.00022620  00000-0  13156-2 0  1007
2 38326  53.0000 288.0000 0000000   0.0000  40.3200 15.12078246198658
STARLINK-1403
1 18830U 98065A   24215.50000000 -.00022620  00000-0  13156-2 0  1001
2 18830  53.0000 288.0000 0000000   0.0000  54.7200 15.12078246445365
STARLINK-1404
1 79944U 98065A   24215.50000000 -.00022620  00000-0  13156-2 0  1003
2 79944  53.0000 288.0000 0000000   0.0000  69.1200 15.12078246102562
STARLINK-1405
1 11337U 98065A   24215.50000000 -.00022620  00000-0  13156-2 0  1000
2 11337  53.0000 288.0000 0000000   0.0000  83.5200 15.12078246506830
STARLINK-1406
1 15412U 98065A   24215.50000000 -.00022620  00000-0  13156-2 0  1006
2 15412  53.0000 288.0000 0000000   0.0000  97.9200 15.12078246984714
STARLINK-1407
1 31698U 98065A   24215.50000000 -.00022620  00000-0  13156-2 0  1007
2 31698  53.0000 288.0000 0000000   0.0000 112.3200 15.12078246951423
STARLINK-1408
1 53813U 98065A   24215.50000000 -.00022620  00000-0  13156-2 0  1008
2 53813  53.0000 288.0000 0000000   0.0000 126.7200 15.12078246416070
STARLINK-1409
1 20514U 98065A   24215.50000000 -.00022620  00000-0  13156-2 0  1000
2 20514  53.0000 288.0000 0000000   0.0000 141.1200 15.12078246550213
STARLINK-1410
1 72033U 98065A   24215.50000000 -.00022620  00000-0  13156-2 0  1001
2 72033  53.0000 288.0000 0000000   0.0000 155.5200 15.12078246434260
STARLINK-1411
1 55304U 98065A   24215.50000000 -.00022620  00000-0  13156-2 0  1008
2 55304  53.0000 288.0000 0000000   0.0000 169.9200 15.12078246164552
STARLINK-1412
1 67332U 98065A   24215.50000000 -.00022620  00000-0  13156-2 0  1000
2 67332  53.0000 288.0000 0000000   0.0000 184.3200 15.12078246381173
STARLINK-1413
1 64359U 98065A   24215.50000000 -.00022620  00000-0  13156-2 0  1007
2 64359  53.0000 288.0000 0000000   0.0000 198.7200 15.12078246739816
STARLINK-1414
1 22852U 98065A   24215.50000000 -.00022620  00000-0  13156-2 0  1007
2 22852  53.0000 288.0000 0000000   0.0000 213.1200 15.12078246916357
STARLINK-1415
1 26767U 98065A   24215.50000000 -.00022620  00000-0  13156-2 0  1003
2 26767  53.0000 288.0000 0000000   0.0000 227.5200 15.12078246721932
STARLINK-1416
1 20047U 98065A   24215.50000000 -.00022620  00000-0  13156-2 0  1003
2 20047  53.0000 288.0000 0000000   0.0000 241.9200 15.12078246156917
STARLINK-1417
1 54024U 98065A   24215.50000000 -.00022620  00000-0  13156-2 0  1001
2 54024  53.0000 288.0000 0000000   0.0000 256.3200 15.12078246554681
STARLINK-1418
1 59015U 98065A   24215.50000000 -.00022620  00000-0  13156-2 0  1006
2 59015  53.0000 288.0000 0000000   0.0000 270.7200 15.12078246515935
STARLINK-1419
1 70999U 98065A   24215.50000000 -.00022620  00000-0  13156-2 0  1002
2 70999  53.0000 288.0000 0000000   0.0000 285.1200 15.12078246485515
STARLINK-1420
1 33716U 98065A   24215.50000000 -.00022620  00000-0  13156-2 0  1004
2 33716  53.0000 288.0000 0000000   0.0000 299.5200 15.12078246556158
STARLINK-1421
1 39344U 98065A   24215.50000000 -.00022620  00000-0  13156-2 0  1005
2 39344  53.0000 288.0000 0000000   0.0000 313.9200 15.12078246914267
STARLINK-1422
1 15245U 98065A   24215.50000000 -.00022620  00000-0  13156-2 0  1004
2 15245  53.0000 288.0000 0000000   0.0000 328.3200 15.12078246145486
STARLINK-1423
1 32067U 98065A   24215.50000000 -.00022620  00000-0  13156-2 0  1006
2 32067  53.0000 288.0000 0000000   0.0000 342.7200 15.12078246864431
STARLINK-1424
1 42099U 98065A   24215.50000000 -.00022620  00000-0  13156-2 0  1001
2 42099  53.0000 288.0000 0000000   0.0000 357.1200 15.12078246273396
STARLINK-1425
1 46412U 98065A   24215.50000000 -.00022620  00000-0  13156-2 0  1002
2 46412  53.0000 306.0000 0000000   0.0000  12.2400 15.12078246181448
STARLINK-1426
1 93619U 98065A   24215.50000000 -.00022620  00000-0  13156-2 0  1003
2 93619  53.0000 306.0000 0000000   0.0000  26.6400 15.12078246187840
STARLINK-1427
1 20311U 98065A   24215.50000000 -.00022620  00000-0  13156-2 0  1002
2 20311  53.0000 306.0000 0000000   0.0000  41.0400 15.12078246660306
STARLINK-1428
1 16760U 98065A   24215.50000000 -.00022620  00000-0  13156-2 0  1005
2 16760  53.0000 306.0000 0000000   0.0000  55.4400 15.12078246410635
STARLINK-1429
1 46397U 98065A   24215.50000000 -.00022620  00000-0  13156-2 0  1000
2 46397  53.0000 306.0000 0000000   0.0000  69.8400 15.12078246478827
STARLINK-1430
1 44564U 98065A   24215.50000000 -.00022620  00000-0  13156-2 0  1008
2 44564  53.0000 306.0000 0000000   0.0000  84.2400 15.12078246292922
STARLINK-1431
1 11038U 98065A   24215.50000000 -.00022620  00000-0  13156-2 0  1007
2 11038  53.0000 306.0000 0000000   0.0000  98.6400 15.12078246482932
STARLINK-1432
1 85096U 98065A   24215.50000000 -.00022620  00000-0  13156-2 0  1007
2 85096  53.0000 306.0000 0000000   0.0000 113.0400 15.12078246756398
STARLINK-1433
1 85426U 98065A   24215.50000000 -.00022620  00000-0  13156-2 0  1003
2 85426  53.0000 306.0000 0000000   0.0000 127.4400 15.12078246314995
STARLINK-1434
1 97296U 98065A   24215.50000000 -.00022620  00000-0  13156-2 0  1007
2 97296  53.0000 306.0000 0000000   0.0000 141.8400 15.12078246908588
STARLINK-1435
1 50122U 98065A   24215.50000000 -.00022620  00000-0  13156-2 0  1008
2 50122  53.0000 306.0000 0000000   0.0000 156.2400 15.12078246310380
STARLINK-1436
1 49588U 98065A   24215.50000000 -.00022620  00000-0  13156-2 0  1001
2 49588  53.0000 306.0000 0000000   0.0000 170.6400 15.12078246448888
STARLINK-1437
1 69655U 98065A   24215.50000000 -.00022620  00000-0  13156-2 0  1005
2 69655  53.0000 306.0000 0000000   0.0000 185.0400 15.12078246355977
STARLINK-1438
1 50519U 98065A   24215.50000000 -.00022620  00000-0  13156-2 0  1001
2 50519  53.0000 306.0000 0000000   0.0000 199.4400 15.12078246482830
STARLINK-1439
1 12679U 98065A   24215.50000000 -.00022620  00000-0  13156-2 0  1002
2 12679  53.0000 306.0000 0000000   0.0000 213.8400 15.12078246620061
STARLINK-1440
1 89647U 98065A   24215.50000000 -.00022620  00000-0  13156-2 0  1006
2 89647  53.0000 306.0000 0000000   0.0000 228.2400 15.12078246927598
STARLINK-1441
1 83677U 98065A   24215.50000000 -.00022620  00000-0  13156-2 0  1006
2 83677  53.0000 306.0000 0000000   0.0000 242.6400 15.12078246775142
STARLINK-1442
1 29547U 98065A   24215.50000000 -.00022620  00000-0  13156-2 0  1006
2 29547  53.0000 306.0000 0000000   0.0000 257.0400 15.12078246591012
STARLINK-1443
1 22023U 98065A   24215.50000000 -.00022620  00000-0  13156-2 0  1007
2 22023  53.0000 306.0000 0000000   0.0000 271.4400 15.12078246480067
STARLINK-1444
1 24573U 98065A   24215.50000000 -.00022620  00000-0  13156-2 0  1006
2 24573  53.0000 306.0000 0000000   0.0000 285.8400 15.12078246898665
STARLINK-1445
1 90772U 98065A   24215.50000000 -.00022620  00000-0  13156-2 0  1002
2 90772  53.0000 306.0000 0000000   0.0000 300.2400 15.12078246108663
STARLINK-1446
1 28980U 98065A   24215.50000000 -.00022620  00000-0  13156-2 0  1001
2 28980  53.0000 306.0000 0000000   0.0000 314.6400 15.12078246524913
STARLINK-1447
1 92706U 98065A   24215.50000000 -.00022620  00000-0  13156-2 0  1001
2 92706  53.0000 306.0000 0000000   0.0000 329.0400 15.12078246343832
STARLINK-1448
1 29829U 98065A   24215.50000000 -.00022620  00000-0  13156-2 0  1005
2 29829  53.0000 306.0000 0000000   0.0000 343.4400 15.12078246195471
STARLINK-1449
1 64468U 98065A   24215.50000000 -.00022620  00000-0  13156-2 0  1006
2 64468  53.0000 306.0000 0000000   0.0000 357.8400 15.12078246890013
STARLINK-1450
1 90442U 98065A   24215.50000000 -.00022620  00000-0  13156-2 0  1006
2 90442  53.0000 324.0000 0000000   0.0000  12.9600 15.12078246425631
STARLINK-1451
1 93288U 98065A   24215.50000000 -.00022620  00000-0  13156-2 0  1003
2 93288  53.0000 324.0000 0000000   0.0000  27.3600 15.12078246547712
STARLINK-1452
1 90812U 98065A   24215.50000000 -.00022620  00000-0  13156-2 0  1003
2 90812  53.0000 324.0000 0000000   0.0000  41.7600 15.12078246212114
STARLINK-1453
1 43224U 98065A   24215.50000000 -.00022620  00000-0  13156-2 0  1007
2 43224  53.0000 324.0000 0000000   0.0000  56.1600 15.12078246124172
STARLINK-1454
1 76400U 98065A   24215.50000000 -.00022620  00000-0  13156-2 0  1004
2 76400  53.0000 324.0000 0000000   0.0000  70.5600 15.12078246637582
STARLINK-1455
1 98563U 98065A   24215.50000000 -.00022620  00000-0  13156-2 0  1000
2 98563  53.0000 324.0000 0000000   0.0000  84.9600 15.12078246492723
STARLINK-1456
1 92709U 98065A   24215.50000000 -.00022620  00000-0  13156-2 0  1006
2 92709  53.0000 324.0000 0000000   0.0000  99.3600 15.12078246138114
STARLINK-1457
1 92683U 98065A   24215.50000000 -.00022620  00000-0  13156-2 0  1006
2 92683  53.0000 324.0000 0000000   0.0000 113.7600 15.12078246893315
STARLINK-1458
1 31658U 98065A   24215.50000000 -.00022620  00000-0  13156-2 0  1006
2 31658  53.0000 324.0000 0000000   0.0000 128.1600 15.12078246373675
STARLINK-1459
1 22246U 98065A   24215.50000000 -.00022620  00000-0  13156-2 0  1008
2 22246  53.0000 324.0000 0000000   0.0000 142.5600 15.12078246483786
STARLINK-1460
1 49257U 98065A   24215.50000000 -.00022620  00000-0  13156-2 0  1004
2 49257  53.0000 324.0000 0000000   0.0000 156.9600 15.12078246533251
STARLINK-1461
1 46474U 98065A   24215.50000000 -.00022620  00000-0  13156-2 0  1006
2 46474  53.0000 324.0000 0000000   0.0000 171.3600 15.12078246440675
STARLINK-1462
1 65574U 98065A   24215.50000000 -.00022620  00000-0  13156-2 0  1008
2 65574  53.0000 324.0000 0000000   0.0000 185.7600 15.12078246932486
STARLINK-1463
1 31040U 98065A   24215.50000000 -.00022620  00000-0  13156-2 0  1004
2 31040  53.0000 324.0000 0000000   0.0000 200.1600 15.12078246960988
STARLINK-1464
1 16654U 98065A   24215.50000000 -.00022620  00000-0  13156-2 0  1002
2 16654  53.0000 324.0000 0000000   0.0000 214.5600 15.12078246716386
STARLINK-1465
1 28305U 98065A   24215.50000000 -.00022620  00000-0  13156-2 0  1006
2 28305  53.0000 324.0000 0000000   0.0000 228.9600 15.12078246946614
STARLINK-1466
1 97656U 98065A   24215.50000000 -.00022620  00000-0  13156-2 0  1000
2 97656  53.0000 324.0000 0000000   0.0000 243.3600 15.12078246967543
STARLINK-1467
1 81845U 98065A   24215.50000000 -.00022620  00000-0  13156-2 0  1008
2 81845  53.0000 324.0000 0000000   0.0000 257.7600 15.12078246117105
STARLINK-1468
1 82928U 98065A   24215.50000000 -.00022620  00000-0  13156-2 0  1001
2 82928  53.0000 324.0000 0000000   0.0000 272.1600 15.12078246426145
STARLINK-1469
1 87159U 98065A   24215.50000000 -.00022620  00000-0  13156-2 0  1000
2 87159  53.0000 324.0000 0000000   0.0000 286.5600 15.12078246944737
STARLINK-1470
1 25270U 98065A   24215.50000000 -.00022620  00000-0  13156-2 0  1007
2 25270  53.0000 324.0000 0000000   0.0000 300.9600 15.12078246404947
STARLINK-1471
1 50804U 98065A   24215.50000000 -.00022620  00000-0  13156-2 0  1002
2 50804  53.0000 324.0000 0000000   0.0000 315.3600 15.12078246281006
STARLINK-1472
1 92357U 98065A   24215.50000000 -.00022620  00000-0  13156-2 0  1001
2 92357  53.0000 324.0000 0000000   0.0000 329.7600 15.12078246393836
STARLINK-1473
1 80693U 98065A   24215.50000000 -.00022620  00000-0  13156-2 0  1003
2 80693  53.0000 324.0000 0000000   0.0000 344.1600 15.12078246285523
STARLINK-1474
1 18214U 98065A   24215.50000000 -.00022620  00000-0  13156-2 0  1005
2 18214  53.0000 324.0000 0000000   0.0000 358.5600 15.12078246992762
STARLINK-1475
1 38706U 98065A   24215.50000000 -.00022620  00000-0  13156-2 0  1005
2 38706  53.0000 342.0000 0000000   0.0000  13.6800 15.12078246730588
STARLINK-1476
1 21370U 98065A   24215.50000000 -.00022620  00000-0  13156-2 0  1006
2 21370  53.0000 342.0000 0000000   0.0000  28.0800 15.12078246855335
STARLINK-1477
1 37122U 98065A   24215.50000000 -.00022620  00000-0  13156-2 0  1006
2 37122  53.0000 342.0000 0000000   0.0000  42.4800 15.12078246852886
STARLINK-1478
1 63182U 98065A   24215.50000000 -.00022620  00000-0  13156-2 0  1001
2 63182  53.0000 342.0000 0000000   0.0000  56.8800 15.12078246294484
STARLINK-1479
1 32608U 98065A   24215.50000000 -.00022620  00000-0  13156-2 0  1007
2 32608  53.0000 342.0000 0000000   0.0000  71.2800 15.12078246763388
STARLINK-1480
1 56277U 98065A   24215.50000000 -.00022620  00000-0  13156-2 0  1003
2 56277  53.0000 342.0000 0000000   0.0000  85.6800 15.12078246312262
STARLINK-1481
1 11562U 98065A   24215.50000000 -.00022620  00000-0  13156-2 0  1002
2 11562  53.0000 342.0000 0000000   0.0000 100.0800 15.12078246214087
STARLINK-1482
1 21796U 98065A   24215.50000000 -.00022620  00000-0  13156-2 0  1003
2 21796  53.0000 342.0000 0000000   0.0000 114.4800 15.12078246604186
STARLINK-1483
1 18778U 98065A   24215.50000000 -.00022620  00000-0  13156-2 0  1007
2 18778  53.0000 342.0000 0000000   0.0000 128.8800 15.12078246165918
STARLINK-1484
1 43416U 98065A   24215.50000000 -.00022620  00000-0  13156-2 0  1008
2 43416  53.0000 342.0000 0000000   0.0000 143.2800 15.12078246405028
STARLINK-1485
1 89121U 98065A   24215.50000000 -.00022620  00000-0  13156-2 0  1007
2 89121  53.0000 342.0000 0000000   0.0000 157.6800 15.12078246154902
STARLINK-1486
1 73396U 98065A   24215.50000000 -.00022620  00000-0  13156-2 0  1000
2 73396  53.0000 342.0000 0000000   0.0000 172.0800 15.12078246153202
STARLINK-1487
1 26659U 98065A   24215.50000000 -.00022620  00000-0  13156-2 0  1000
2 26659  53.0000 342.0000 0000000   0.0000 186.4800 15.12078246601805
STARLINK-1488
1 48061U 98065A   24215.50000000 -.00022620  00000-0  13156-2 0  1003
2 48061  53.0000 342.0000 0000000   0.0000 200.8800 15.12078246939314
STARLINK-1489
1 53968U 98065A   24215.50000000 -.00022620  00000-0  13156-2 0  1002
2 53968  53.0000 342.0000 0000000   0.0000 215.2800 15.12078246322183
STARLINK-1490
1 60688U 98065A   24215.50000000 -.00022620  00000-0  13156-2 0  1004
2 60688  53.0000 342.0000 0000000   0.0000 229.6800 15.12078246745884
STARLINK-1491
1 29608U 98065A   24215.50000000 -.00022620  00000-0  13156-2 0  1006
2 29608  53.0000 342.0000 0000000   0.0000 244.0800 15.12078246378026
STARLINK-1492
1 61062U 98065A   24215.50000000 -.00022620  00000-0  13156-2 0  1003
2 61062  53.0000 342.0000 0000000   0.0000 258.4800 15.12078246681124
STARLINK-1493
1 17958U 98065A   24215.50000000 -.00022620  00000-0  13156-2 0  1008
2 17958  53.0000 342.0000 0000000   0.0000 272.8800 15.12078246425946
STARLINK-1494
1 89024U 98065A   24215.50000000 -.00022620  00000-0  13156-2 0  1007
2 89024  53.0000 342.0000 0000000   0.0000 287.2800 15.12078246500654
STARLINK-1495
1 98308U 98065A   24215.50000000 -.00022620  00000-0  13156-2 0  1005
2 98308  53.0000 342.0000 0000000   0.0000 301.6800 15.12078246840104
STARLINK-1496
1 24391U 98065A   24215.50000000 -.00022620  00000-0  13156-2 0  1005
2 24391  53.0000 342.0000 0000000   0.0000 316.0800 15.12078246952731
STARLINK-1497
1 71486U 98065A   24215.50000000 -.00022620  00000-0  13156-2 0  1004
2 71486  53.0000 342.0000 0000000   0.0000 330.4800 15.12078246125591
STARLINK-1498
1 54277U 98065A   24215.50000000 -.00022620  00000-0  13156-2 0  1007
2 54277  53.0000 342.0000 0000000   0.0000 344.8800 15.12078246919794
STARLINK-1499
1 75880U 98065A   24215.50000000 -.00022620  00000-0  13156-2 0  1000
2 75880  53.0000 342.0000 0000000   0.0000 359.2800 15.12078246763788
