STARLINK-1000
1 34443U 98065A   24 19.70833333 -.00022620  00000-0  13156-2 0  1000
2 34443  50.0000   0.0000 0000000   0.0000   0.0000 15.21981948211855
STARLINK-1001
1 70685U 98065A   24 19.70833333 -.00022620  00000-0  13156-2 0  1003
2 70685  50.0000   0.0000 0000000   0.0000  18.0000 15.21981948286477
STARLINK-1002
1 22082U 98065A   24 19.70833333 -.00022620  00000-0  13156-2 0  1006
2 22082  50.0000   0.0000 0000000   0.0000  36.0000 15.21981948983258
STARLINK-1003
1 11994U 98065A   24 19.70833333 -.00022620  00000-0  13156-2 0  1008
2 11994  50.0000   0.0000 0000000   0.0000  54.0000 15.21981948127750
STARLINK-1004
1 20404U 98065A   24 19.70833333 -.00022620  00000-0  13156-2 0  1002
2 20404  50.0000   0.0000 0000000   0.0000  72.0000 15.21981948913218
STARLINK-1005
1 89282U 98065A   24 19.70833333 -.00022620  00000-0  13156-2 0  1001
2 89282  50.0000   0.0000 0000000   0.0000  90.0000 15.21981948349747
STARLINK-1006
1 13070U 98065A   24 19.70833333 -.00022620  00000-0  13156-2 0  1002
2 13070  50.0000   0.0000 0000000   0.0000 108.0000 15.21981948141404
STARLINK-1007
1 83406U 98065A   24 19.70833333 -.00022620  00000-0  13156-2 0  1006
2 83406  50.0000   0.0000 0000000   0.0000 126.0000 15.21981948220777
STARLINK-1008
1 43096U 98065A   24 19.70833333 -.00022620  00000-0  13156-2 0  1003
2 43096  50.0000   0.0000 0000000   0.0000 144.0000 15.21981948336470
STARLINK-1009
1 56970U 98065A   24 19.70833333 -.00022620  00000-0  13156-2 0  1002
2 56970  50.0000   0.0000 0000000   0.0000 162.0000 15.21981948632384
STARLINK-1010
1 66725U 98065A   24 19.70833333 -.00022620  00000-0  13156-2 0  1006
2 66725  50.0000   0.0000 0000000   0.0000 180.0000 15.21981948955752
STARLINK-1011
1 42486U 98065A   24 19.70833333 -.00022620  00000-0  13156-2 0  1000
2 42486  50.0000   0.0000 0000000   0.0000 198.0000 15.21981948290296
STARLINK-1012
1 33986U 98065A   24 19.70833333 -.00022620  00000-0  13156-2 0  1005
2 33986  50.0000   0.0000 0000000   0.0000 216.0000 15.21981948456297
STARLINK-1013
1 70268U 98065A   24 19.70833333 -.00022620  00000-0  13156-2 0  1007
2 70268  50.0000   0.0000 0000000   0.0000 234.0000 15.21981948133488
STARLINK-1014
1 16036U 98065A   24 19.70833333 -.00022620  00000-0  13156-2 0  1005
2 16036  50.0000   0.0000 0000000   0.0000 252.0000 15.21981948902992
STARLINK-1015
1 15124U 98065A   24 19.70833333 -.00022620  00000-0  13156-2 0  1002
2 15124  50.0000   0.0000 0000000   0.0000 270.0000 15.21981948310777
STARLINK-1016
1 27866U 98065A   24 19.70833333 -.00022620  00000-0  13156-2 0  1006
2 27866  50.0000   0.0000 0000000   0.0000 288.0000 15.21981948705528
STARLINK-1017
1 28766U 98065A   24 19.70833333 -.00022620  00000-0  13156-2 0  1004
2 28766  50.0000   0.0000 0000000   0.0000 306.0000 15.21981948978097
STARLINK-1018
1 50243U 98065A   24 19.70833333 -.00022620  00000-0  13156-2 0  1006
2 50243  50.0000   0.0000 0000000   0.0000 324.0000 15.21981948843542
STARLINK-1019
1 73985U 98065A   24 19.70833333 -.00022620  00000-0  13156-2 0  1003
2 73985  50.0000   0.0000 0000000   0.0000 342.0000 15.21981948793513
STARLINK-1020
1 39125U 98065A   24 19.70833333 -.00022620  00000-0  13156-2 0  1006
2 39125  50.0000  18.0000 0000000   0.0000   0.9000 15.21981948406784
STARLINK-1021
1 62333U 98065A   24 19.70833333 -.00022620  00000-0  13156-2 0  1008
2 62333  50.0000  18.0000 0000000   0.0000  18.9000 15.21981948891038
STARLINK-1022
1 77119U 98065A   24 19.70833333 -.00022620  00000-0  13156-2 0  1008
2 77119  50.0000  18.0000 0000000   0.0000  36.9000 15.21981948258220
STARLINK-1023
1 44708U 98065A   24 19.70833333 -.00022620  00000-0  13156-2 0  1006
2 44708  50.0000  18.0000 0000000   0.0000  54.9000 15.21981948732386
STARLINK-1024
1 56692U 98065A   24 19.70833333 -.00022620  00000-0  13156-2 0  1003
2 56692  50.0000  18.0000 0000000   0.0000  72.9000 15.21981948689702
STARLINK-1025
1 70452U 98065A   24 19.70833333 -.00022620  00000-0  13156-2 0  1004
2 70452  50.0000  18.0000 0000000   0.0000  90.9000 15.21981948871111
STARLINK-1026
1 44339U 98065A   24 19.70833333 -.00022620  00000-0  13156-2 0  1000
2 44339  50.0000  18.0000 0000000   0.0000 108.9000 15.21981948798543
STARLINK-1027
1 48782U 98065A   24 19.70833333 -.00022620  00000-0  13156-2 0  1001
2 48782  50.0000  18.0000 0000000   0.0000 126.9000 15.21981948640756
STARLINK-1028
1 36740U 98065A   24 19.70833333 -.00022620  00000-0  13156-2 0  1008
2 36740  50.0000  18.0000 0000000   0.0000 144.9000 15.21981948171760
STARLINK-1029
1 99800U 98065A   24 19.70833333 -.00022620  00000-0  13156-2 0  1006
2 99800  50.0000  18.0000 0000000   0.0000 162.9000 15.21981948235467
STARLINK-1030
1 18878U 98065A   24 19.70833333 -.00022620  00000-0  13156-2 0  1002
2 18878  50.0000  18.0000 0000000   0.0000 180.9000 15.21981948283052
STARLINK-1031
1 26346U 98065A   24 19.70833333 -.00022620  00000-0  13156-2 0  1005
2 26346  50.0000  18.0000 0000000   0.0000 198.9000 15.21981948503260
STARLINK-1032
1 94708U 98065A   24 19.70833333 -.00022620  00000-0  13156-2 0  1001
2 94708  50.0000  18.0000 0000000   0.0000 216.9000 15.21981948527286
STARLINK-1033
1 17409U 98065A   24 19.70833333 -.00022620  00000-0  13156-2 0  1001
2 17409  50.0000  18.0000 0000000   0.0000 234.9000 15.21981948785967
STARLINK-1034
1 12462U 98065A   24 19.70833333 -.00022620  00000-0  13156-2 0  1004
2 12462  50.0000  18.0000 0000000   0.0000 252.9000 15.21981948415200
STARLINK-1035
1 57395U 98065A   24 19.70833333 -.00022620  00000-0  13156-2 0  1006
2 57395  50.0000  18.0000 0000000   0.0000 270.9000 15.21981948161196
STARLINK-1036
1 89786U 98065A   24 19.70833333 -.00022620  00000-0  13156-2 0  1004
2 89786  50.0000  18.0000 0000000   0.0000 288.9000 15.21981948861711
STARLINK-1037
1 96457U 98065A   24 19.70833333 -.00022620  00000-0  13156-2 0  1006
2 96457  50.0000  18.0000 0000000   0.0000 306.9000 15.21981948675683
STARLINK-1038
1 58951U 98065A   24 19.70833333 -.00022620  00000-0  13156-2 0  1004
2 58951  50.0000  18.0000 0000000   0.0000 324.9000 15.21981948189228
STARLINK-1039
1 51144U 98065A   24 19.70833333 -.00022620  00000-0  13156-2 0  1007
2 51144  50.0000  18.0000 0000000   0.0000 342.9000 15.21981948808254
STARLINK-1040
1 80431U 98065A   24 19.70833333 -.00022620  00000-0  13156-2 0  1001
2 80431  50.0000  36.0000 0000000   0.0000   1.8000 15.21981948118926
STARLINK-1041
1 33003U 98065A   24 19.70833333 -.00022620  00000-0  13156-2 0  1000
2 33003  50.0000  36.0000 0000000   0.0000  19.8000 15.21981948420717
STARLINK-1042
1 50054U 98065A   24 19.70833333 -.00022620  00000-0  13156-2 0  1001
2 50054  50.0000  36.0000 0000000   0.0000  37.8000 15.21981948688537
STARLINK-1043
1 16120U 98065A   24 19.70833333 -.00022620  00000-0  13156-2 0  1007
2 16120  50.0000  36.0000 0000000   0.0000  55.8000 15.21981948148412
STARLINK-1044
1 24100U 98065A   24 19.70833333 -.00022620  00000-0  13156-2 0  1005
2 24100  50.0000  36.0000 0000000   0.0000  73.8000 15.21981948246831
STARLINK-1045
1 97887U 98065A   24 19.70833333 -.00022620  00000-0  13156-2 0  1000
2 97887  50.0000  36.0000 0000000   0.0000  91.8000 15.21981948539680
STARLINK-1046
1 67798U 98065A   24 19.70833333 -.00022620  00000-0  13156-2 0  1000
2 67798  50.0000  36.0000 0000000   0.0000 109.8000 15.21981948838674
STARLINK-1047
1 93519U 98065A   24 19.70833333 -.00022620  00000-0  13156-2 0  1005
2 93519  50.0000  36.0000 0000000   0.0000 127.8000 15.21981948410960
STARLINK-1048
1 24621U 98065A   24 19.70833333 -.00022620  00000-0  13156-2 0  1007
2 24621  50.0000  36.0000 0000000   0.0000 145.8000 15.21981948533191
STARLINK-1049
1 10656U 98065A   24 19.70833333 -.00022620  00000-0  13156-2 0  1003
2 10656  50.0000  36.0000 0000000   0.0000 163.8000 15.21981948665507
STARLINK-1050
1 25758U 98065A   24 19.70833333 -.00022620  00000-0  13156-2 0  1001
2 25758  50.0000  36.0000 0000000   0.0000 181.8000 15.21981948970446
STARLINK-1051
1 42105U 98065A   24 19.70833333 -.00022620  00000-0  13156-2 0  1008
2 42105  50.0000  36.0000 0000000   0.0000 199.8000 15.21981948145308
STARLINK-1052
1 49731U 98065A   24 19.70833333 -.00022620  00000-0  13156-2 0  1008
2 49731  50.0000  36.0000 0000000   0.0000 217.8000 15.21981948865978
STARLINK-1053
1 95207U 98065A   24 19.70833333 -.00022620  00000-0  13156-2 0  1007
2 95207  50.0000  36.0000 0000000   0.0000 235.8000 15.21981948220581
STARLINK-1054
1 79163U 98065A   24 19.70833333 -.00022620  00000-0  13156-2 0  1004
2 79163  50.0000  36.0000 0000000   0.0000 253.8000 15.21981948951993
STARLINK-1055
1 34962U 98065A   24 19.70833333 -.00022620  00000-0  13156-2 0  1006
2 34962  50.0000  36.0000 0000000   0.0000 271.8000 15.21981948374588
STARLINK-1056
1 15577U 98065A   24 19.70833333 -.00022620  00000-0  13156-2 0  1006
2 15577  50.0000  36.0000 0000000   0.0000 289.8000 15.21981948691792
STARLINK-1057
1 14618U 98065A   24 19.70833333 -.00022620  00000-0  13156-2 0  1001
2 14618  50.0000  36.0000 0000000   0.0000 307.8000 15.21981948546938
STARLINK-1058
1 89796U 98065A   24 19.70833333 -.00022620  00000-0  13156-2 0  1001
2 89796  50.0000  36.0000 0000000   0.0000 325.8000 15.21981948815128
STARLINK-1059
1 30515U 98065A   24 19.70833333 -.00022620  00000-0  13156-2 0  1005
2 30515  50.0000  36.0000 0000000   0.0000 343.8000 15.21981948902768
STARLINK-1060
1 27696U 98065A   24 19.70833333 -.00022620  00000-0  13156-2 0  1002
2 27696  50.0000  54.0000 0000000   0.0000   2.7000 15.21981948158401
STARLINK-1061
1 92411U 98065A   24 19.70833333 -.00022620  00000-0  13156-2 0  1005
2 92411  50.0000  54.0000 0000000   0.0000  20.7000 15.21981948546038
STARLINK-1062
1 74441U 98065A   24 19.70833333 -.00022620  00000-0  13156-2 0  1004
2 74441  50.0000  54.0000 0000000   0.0000  38.7000 15.21981948497275
STARLINK-1063
1 14273U 98065A   24 19.70833333 -.00022620  00000-0  13156-2 0  1002
2 14273  50.0000  54.0000 0000000   0.0000  56.7000 15.21981948767707
STARLINK-1064
1 82159U 98065A   24 19.70833333 -.00022620  00000-0  13156-2 0  1001
2 82159  50.0000  54.0000 0000000   0.0000  74.7000 15.21981948548733
STARLINK-1065
1 75486U 98065A   24 19.70833333 -.00022620  00000-0  13156-2 0  1005
2 75486  50.0000  54.0000 0000000   0.0000  92.7000 15.21981948592212
STARLINK-1066
1 79072U 98065A   24 19.70833333 -.00022620  00000-0  13156-2 0  1001
2 79072  50.0000  54.0000 0000000   0.0000 110.7000 15.21981948249622
STARLINK-1067
1 72539U 98065A   24 19.70833333 -.00022620  00000-0  13156-2 0  1004
2 72539  50.0000  54.0000 0000000   0.0000 128.7000 15.21981948869236
STARLINK-1068
1 58491U 98065A   24 19.70833333 -.00022620  00000-0  13156-2 0  1002
2 58491  50.0000  54.0000 0000000   0.0000 146.7000 15.21981948497368
STARLINK-1069
1 42757U 98065A   24 19.70833333 -.00022620  00000-0  13156-2 0  1003
2 42757  50.0000  54.0000 0000000   0.0000 164.7000 15.21981948978432
STARLINK-1070
1 98970U 98065A   24 19.70833333 -.00022620  00000-0  13156-2 0  1004
2 98970  50.0000  54.0000 0000000   0.0000 182.7000 15.21981948818042
STARLINK-1071
1 49140U 98065A   24 19.70833333 -.00022620  00000-0  13156-2 0  1005
2 49140  50.0000  54.0000 0000000   0.0000 200.7000 15.21981948811988
STARLINK-1072
1 55774U 98065A   24 19.70833333 -.00022620  00000-0  13156-2 0  1004
2 55774  50.0000  54.0000 0000000   0.0000 218.7000 15.21981948365024
STARLINK-1073
1 74008U 98065A   24 19.70833333 -.00022620  00000-0  13156-2 0  1004
2 74008  50.0000  54.0000 0000000   0.0000 236.7000 15.21981948962163
STARLINK-1074
1 72863U 98065A   24 19.70833333 -.00022620  00000-0  13156-2 0  1002
2 72863  50.0000  54.0000 0000000   0.0000 254.7000 15.21981948818931
STARLINK-1075
1 67801U 98065A   24 19.70833333 -.00022620  00000-0  13156-2 0  1000
2 67801  50.0000  54.0000 0000000   0.0000 272.7000 15.21981948650828
STARLINK-1076
1 81154U 98065A   24 19.70833333 -.00022620  00000-0  13156-2 0  1002
2 81154  50.0000  54.0000 0000000   0.0000 290.7000 15.21981948977682
STARLINK-1077
1 36546U 98065A   24 19.70833333 -.00022620  00000-0  13156-2 0  1006
2 36546  50.0000  54.0000 0000000   0.0000 308.7000 15.21981948402691
STARLINK-1078
1 31695U 98065A   24 19.70833333 -.00022620  00000-0  13156-2 0  1005
2 31695  50.0000  54.0000 0000000   0.0000 326.7000 15.21981948225355
STARLINK-1079
1 32436U 98065A   24 19.70833333 -.00022620  00000-0  13156-2 0  1008
2 32436  50.0000  54.0000 0000000   0.0000 344.7000 15.21981948894130
STARLINK-1080
1 48762U 98065A   24 19.70833333 -.00022620  00000-0  13156-2 0  1003
2 48762  50.0000  72.0000 0000000   0.0000   3.6000 15.21981948756100
STARLINK-1081
1 90255U 98065A   24 19.70833333 -.00022620  00000-0  13156-2 0  1004
2 90255  50.0000  72.0000 0000000   0.0000  21.6000 15.21981948178626
STARLINK-1082
1 31157U 98065A   24 19.70833333 -.00022620  00000-0  13156-2 0  1000
2 31157  50.0000  72.0000 0000000   0.0000  39.6000 15.21981948345073
STARLINK-1083
1 51581U 98065A   24 19.70833333 -.00022620  00000-0  13156-2 0  1000
2 51581  50.0000  72.0000 0000000   0.0000  57.6000 15.21981948825427
STARLINK-1084
1 50432U 98065A   24 19.70833333 -.00022620  00000-0  13156-2 0  1002
2 50432  50.0000  72.0000 0000000   0.0000  75.6000 15.21981948822010
STARLINK-1085
1 71971U 98065A   24 19.70833333 -.00022620  00000-0  13156-2 0  1004
2 71971  50.0000  72.0000 0000000   0.0000  93.6000 15.21981948750424
STARLINK-1086
1 28075U 98065A   24 19.70833333 -.00022620  00000-0  13156-2 0  1003
2 28075  50.0000  72.0000 0000000   0.0000 111.6000 15.21981948854518
STARLINK-1087
1 88358U 98065A   24 19.70833333 -.00022620  00000-0  13156-2 0  1002
2 88358  50.0000  72.0000 0000000   0.0000 129.6000 15.21981948859567
STARLINK-1088
1 81925U 98065A   24 19.70833333 -.00022620  00000-0  13156-2 0  1000
2 81925  50.0000  72.0000 0000000   0.0000 147.6000 15.21981948154075
STARLINK-1089
1 44733U 98065A   24 19.70833333 -.00022620  00000-0  13156-2 0  1001
2 44733  50.0000  72.0000 0000000   0.0000 165.6000 15.21981948956032
STARLINK-1090
1 34486U 98065A   24 19.70833333 -.00022620  00000-0  13156-2 0  1000
2 34486  50.0000  72.0000 0000000   0.0000 183.6000 15.21981948672281
STARLINK-1091
1 65403U 98065A   24 19.70833333 -.00022620  00000-0  13156-2 0  1002
2 65403  50.0000  72.0000 0000000   0.0000 201.6000 15.21981948908976
STARLINK-1092
1 51132U 98065A   24 19.70833333 -.00022620  00000-0  13156-2 0  1000
2 51132  50.0000  72.0000 0000000   0.0000 219.6000 15.21981948964017
STARLINK-1093
1 77233U 98065A   24 19.70833333 -.00022620  00000-0  13156-2 0  1002
2 77233  50.0000  72.0000 0000000   0.0000 237.6000 15.21981948135535
STARLINK-1094
1 61373U 98065A   24 19.70833333 -.00022620  00000-0  13156-2 0  1003
2 61373  50.0000  72.0000 0000000   0.0000 255.6000 15.21981948613995
STARLINK-1095
1 26076U 98065A   24 19.70833333 -.00022620  00000-0  13156-2 0  1002
2 26076  50.0000  72.0000 0000000   0.0000 273.6000 15.21981948339678
STARLINK-1096
1 77920U 98065A   24 19.70833333 -.00022620  00000-0  13156-2 0  1006
2 77920  50.0000  72.0000 0000000   0.0000 291.6000 15.21981948883212
STARLINK-1097
1 61280U 98065A   24 19.70833333 -.00022620  00000-0  13156-2 0  1006
2 61280  50.0000  72.0000 0000000   0.0000 309.6000 15.21981948304370
STARLINK-1098
1 89770U 98065A   24 19.70833333 -.00022620  00000-0  13156-2 0  1001
2 89770  50.0000  72.0000 0000000   0.0000 327.6000 15.21981948729193
STARLINK-1099
1 43646U 98065A   24 19.70833333 -.00022620  00000-0  13156-2 0  1004
2 43646  50.0000  72.0000 0000000   0.0000 345.6000 15.21981948637561
STARLINK-1100
1 68477U 98065A   24 19.70833333 -.00022620  00000-0  13156-2 0  1002
2 68477  50.0000  90.0000 0000000   0.0000   4.5000 15.21981948661158
STARLINK-1101
1 52545U 98065A   24 19.70833333 -.00022620  00000-0  13156-2 0  1004
2 52545  50.0000  90.0000 0000000   0.0000  22.5000 15.21981948585208
STARLINK-1102
1 99787U 98065A   24 19.70833333 -.00022620  00000-0  13156-2 0  1006
2 99787  50.0000  90.0000 0000000   0.0000  40.5000 15.21981948399080
STARLINK-1103
1 36358U 98065A   24 19.70833333 -.00022620  00000-0  13156-2 0  1008
2 36358  50.0000  90.0000 0000000   0.0000  58.5000 15.21981948611807
STARLINK-1104
1 36125U 98065A   24 19.70833333 -.00022620  00000-0  13156-2 0  1006
2 36125  50.0000  90.0000 0000000   0.0000  76.5000 15.21981948881185
STARLINK-1105
1 91168U 98065A   24 19.70833333 -.00022620  00000-0  13156-2 0  1005
2 91168  50.0000  90.0000 0000000   0.0000  94.5000 15.21981948622527
STARLINK-1106
1 61862U 98065A   24 19.70833333 -.00022620  00000-0  13156-2 0  1005
2 61862  50.0000  90.0000 0000000   0.0000 112.5000 15.21981948650415
STARLINK-1107
1 20637U 98065A   24 19.70833333 -.00022620  00000-0  13156-2 0  1004
2 20637  50.0000  90.0000 0000000   0.0000 130.5000 15.21981948527666
STARLINK-1108
1 95298U 98065A   24 19.70833333 -.00022620  00000-0  13156-2 0  1007
2 95298  50.0000  90.0000 0000000   0.0000 148.5000 15.21981948347594
STARLINK-1109
1 73559U 98065A   24 19.70833333 -.00022620  00000-0  13156-2 0  1004
2 73559  50.0000  90.0000 0000000   0.0000 166.5000 15.21981948615042
STARLINK-1110
1 69557U 98065A   24 19.70833333 -.00022620  00000-0  13156-2 0  1007
2 69557  50.0000  90.0000 0000000   0.0000 184.5000 15.21981948377968
STARLINK-1111
1 70302U 98065A   24 19.70833333 -.00022620  00000-0  13156-2 0  1005
2 70302  50.0000  90.0000 0000000   0.0000 202.5000 15.21981948623366
STARLINK-1112
1 77706U 98065A   24 19.70833333 -.00022620  00000-0  13156-2 0  1006
2 77706  50.0000  90.0000 0000000   0.0000 220.5000 15.21981948986096
STARLINK-1113
1 36847U 98065A   24 19.70833333 -.00022620  00000-0  13156-2 0  1001
2 36847  50.0000  90.0000 0000000   0.0000 238.5000 15.21981948230446
STARLINK-1114
1 66885U 98065A   24 19.70833333 -.00022620  00000-0  13156-2 0  1001
2 66885  50.0000  90.0000 0000000   0.0000 256.5000 15.21981948828351
STARLINK-1115
1 52166U 98065A   24 19.70833333 -.00022620  00000-0  13156-2 0  1005
2 52166  50.0000  90.0000 0000000   0.0000 274.5000 15.21981948189611
STARLINK-1116
1 87064U 98065A   24 19.70833333 -.00022620  00000-0  13156-2 0  1000
2 87064  50.0000  90.0000 0000000   0.0000 292.5000 15.21981948215730
STARLINK-1117
1 86593U 98065A   24 19.70833333 -.00022620  00000-0  13156-2 0  1007
2 86593  50.0000  90.0000 0000000   0.0000 310.5000 15.21981948412185
STARLINK-1118
1 63898U 98065A   24 19.70833333 -.00022620  00000-0  13156-2 0  1001
2 63898  50.0000  90.0000 0000000   0.0000 328.5000 15.21981948315342
STARLINK-1119
1 42001U 98065A   24 19.70833333 -.00022620  00000-0  13156-2 0  1006
2 42001  50.0000  90.0000 0000000   0.0000 346.5000 15.21981948431547
STARLINK-1120
1 20199U 98065A   24 19.70833333 -.00022620  00000-0  13156-2 0  1001
2 20199  50.0000 108.0000 0000000   0.0000   5.4000 15.21981948259140
STARLINK-1121
1 86470U 98065A   24 19.70833333 -.00022620  00000-0  13156-2 0  1007
2 86470  50.0000 108.0000 0000000   0.0000  23.4000 15.21981948792182
STARLINK-1122
1 72231U 98065A   24 19.70833333 -.00022620  00000-0  13156-2 0  1008
2 72231  50.0000 108.0000 0000000   0.0000  41.4000 15.21981948280041
STARLINK-1123
1 22848U 98065A   24 19.70833333 -.00022620  00000-0  13156-2 0  1002
2 22848  50.0000 108.0000 0000000   0.0000  59.4000 15.21981948515073
STARLINK-1124
1 66289U 98065A   24 19.70833333 -.00022620  00000-0  13156-2 0  1006
2 66289  50.0000 108.0000 0000000   0.0000  77.4000 15.21981948898772
STARLINK-1125
1 58611U 98065A   24 19.70833333 -.00022620  00000-0  13156-2 0  1008
2 58611  50.0000 108.0000 0000000   0.0000  95.4000 15.21981948480043
STARLINK-1126
1 32033U 98065A   24 19.70833333 -.00022620  00000-0  13156-2 0  1008
2 32033  50.0000 108.0000 0000000   0.0000 113.4000 15.21981948333333
STARLINK-1127
1 72899U 98065A   24 19.70833333 -.00022620  00000-0  13156-2 0  1000
2 72899  50.0000 108.0000 0000000   0.0000 131.4000 15.21981948896061
STARLINK-1128
1 64380U 98065A   24 19.70833333 -.00022620  00000-0  13156-2 0  1002
2 64380  50.0000 108.0000 0000000   0.0000 149.4000 15.21981948494644
STARLINK-1129
1 51020U 98065A   24 19.70833333 -.00022620  00000-0  13156-2 0  1005
2 51020  50.0000 108.0000 0000000   0.0000 167.4000 15.21981948403876
STARLINK-1130
1 79714U 98065A   24 19.70833333 -.00022620  00000-0  13156-2 0  1005
2 79714  50.0000 108.0000 0000000   0.0000 185.4000 15.21981948736101
STARLINK-1131
1 40234U 98065A   24 19.70833333 -.00022620  00000-0  13156-2 0  1000
2 40234  50.0000 108.0000 0000000   0.0000 203.4000 15.21981948382063
STARLINK-1132
1 68008U 98065A   24 19.70833333 -.00022620  00000-0  13156-2 0  1003
2 68008  50.0000 108.0000 0000000   0.0000 221.4000 15.21981948308380
STARLINK-1133
1 33563U 98065A   24 19.70833333 -.00022620  00000-0  13156-2 0  1005
2 33563  50.0000 108.0000 0000000   0.0000 239.4000 15.21981948417786
STARLINK-1134
1 31740U 98065A   24 19.70833333 -.00022620  00000-0  13156-2 0  1001
2 31740  50.0000 108.0000 0000000   0.0000 257.4000 15.21981948770997
STARLINK-1135
1 94031U 98065A   24 19.70833333 -.00022620  00000-0  13156-2 0  1003
2 94031  50.0000 108.0000 0000000   0.0000 275.4000 15.21981948827244
STARLINK-1136
1 56727U 98065A   24 19.70833333 -.00022620  00000-0  13156-2 0  1007
2 56727  50.0000 108.0000 0000000   0.0000 293.4000 15.21981948754414
STARLINK-1137
1 58087U 98065A   24 19.70833333 -.00022620  00000-0  13156-2 0  1006
2 58087  50.0000 108.0000 0000000   0.0000 311.4000 15.21981948388127
STARLINK-1138
1 25073U 98065A   24 19.70833333 -.00022620  00000-0  13156-2 0  1000
2 25073  50.0000 108.0000 0000000   0.0000 329.4000 15.21981948647635
STARLINK-1139
1 95165U 98065A   24 19.70833333 -.00022620  00000-0  13156-2 0  1007
2 95165  50.0000 108.0000 0000000   0.0000 347.4000 15.21981948456627
STARLINK-1140
1 55436U 98065A   24 19.70833333 -.00022620  00000-0  13156-2 0  1001
2 55436  50.0000 126.0000 0000000   0.0000   6.3000 15.21981948986348
STARLINK-1141
1 98149U 98065A   24 19.70833333 -.00022620  00000-0  13156-2 0  1003
2 98149  50.0000 126.0000 0000000   0.0000  24.3000 15.21981948748658
STARLINK-1142
1 82167U 98065A   24 19.70833333 -.00022620  00000-0  13156-2 0  1005
2 82167  50.0000 126.0000 0000000   0.0000  42.3000 15.21981948404246
STARLINK-1143
1 56469U 98065A   24 19.70833333 -.00022620  00000-0  13156-2 0  1001
2 56469  50.0000 126.0000 0000000   0.0000  60.3000 15.21981948828805
STARLINK-1144
1 18641U 98065A   24 19.70833333 -.00022620  00000-0  13156-2 0  1001
2 18641  50.0000 126.0000 0000000   0.0000  78.3000 15.21981948266375
STARLINK-1145
1 45157U 98065A   24 19.70833333 -.00022620  00000-0  13156-2 0  1001
2 45157  50.0000 126.0000 0000000   0.0000  96.3000 15.21981948222938
STARLINK-1146
1 11094U 98065A   24 19.70833333 -.00022620  00000-0  13156-2 0  1007
2 11094  50.0000 126.0000 0000000   0.0000 114.3000 15.21981948220617
STARLINK-1147
1 29581U 98065A   24 19.70833333 -.00022620  00000-0  13156-2 0  1002
2 29581  50.0000 126.0000 0000000   0.0000 132.3000 15.21981948397146
STARLINK-1148
1 24282U 98065A   24 19.70833333 -.00022620  00000-0  13156-2 0  1004
2 24282  50.0000 126.0000 0000000   0.0000 150.3000 15.21981948312698
STARLINK-1149
1 51391U 98065A   24 19.70833333 -.00022620  00000-0  13156-2 0  1000
2 51391  50.0000 126.0000 0000000   0.0000 168.3000 15.21981948969926
STARLINK-1150
1 62850U 98065A   24 19.70833333 -.00022620  00000-0  13156-2 0  1005
2 62850  50.0000 126.0000 0000000   0.0000 186.3000 15.21981948188698
STARLINK-1151
1 95621U 98065A   24 19.70833333 -.00022620  00000-0  13156-2 0  1005
2 95621  50.0000 126.0000 0000000   0.0000 204.3000 15.21981948475727
STARLINK-1152
1 77960U 98065A   24 19.70833333 -.00022620  00000-0  13156-2 0  1007
2 77960  50.0000 126.0000 0000000   0.0000 222.3000 15.21981948615482
STARLINK-1153
1 45471U 98065A   24 19.70833333 -.00022620  00000-0  13156-2 0  1002
2 45471  50.0000 126.0000 0000000   0.0000 240.3000 15.21981948104757
STARLINK-1154
1 87069U 98065A   24 19.70833333 -.00022620  00000-0  13156-2 0  1002
2 87069  50.0000 126.0000 0000000   0.0000 258.3000 15.21981948243383
STARLINK-1155
1 51057U 98065A   24 19.70833333 -.00022620  00000-0  13156-2 0  1001
2 51057  50.0000 126.0000 0000000   0.0000 276.3000 15.21981948643051
STARLINK-1156
1 90149U 98065A   24 19.70833333 -.00022620  00000-0  13156-2 0  1004
2 90149  50.0000 126.0000 0000000   0.0000 294.3000 15.21981948336057
STARLINK-1157
1 15990U 98065A   24 19.70833333 -.00022620  00000-0  13156-2 0  1002
2 15990  50.0000 126.0000 0000000   0.0000 312.3000 15.21981948307204
STARLINK-1158
1 32296U 98065A   24 19.70833333 -.00022620  00000-0  13156-2 0  1005
2 32296  50.0000 126.0000 0000000   0.0000 330.3000 15.21981948584036
STARLINK-1159
1 69403U 98065A   24 19.70833333 -.00022620  00000-0  13156-2 0  1008
2 69403  50.0000 126.0000 0000000   0.0000 348.3000 15.21981948880363
STARLINK-1160
1 43019U 98065A   24 19.70833333 -.00022620  00000-0  13156-2 0  1007
2 43019  50.0000 144.0000 0000000   0.0000   7.2000 15.21981948203792
STARLINK-1161
1 70866U 98065A   24 19.70833333 -.00022620  00000-0  13156-2 0  1008
2 70866  50.0000 144.0000 0000000   0.0000  25.2000 15.21981948982717
STARLINK-1162
1 68834U 98065A   24 19.70833333 -.00022620  00000-0  13156-2 0  1001
2 68834  50.0000 144.0000 0000000   0.0000  43.2000 15.21981948635927
STARLINK-1163
1 47931U 98065A   24 19.70833333 -.00022620  00000-0  13156-2 0  1003
2 47931  50.0000 144.0000 0000000   0.0000  61.2000 15.21981948283062
STARLINK-1164
1 78584U 98065A   24 19.70833333 -.00022620  00000-0  13156-2 0  1000
2 78584  50.0000 144.0000 0000000   0.0000  79.2000 15.21981948203201
STARLINK-1165
1 10387U 98065A   24 19.70833333 -.00022620  00000-0  13156-2 0  1005
2 10387  50.0000 144.0000 0000000   0.0000  97.2000 15.21981948559192
STARLINK-1166
1 28159U 98065A   24 19.70833333 -.00022620  00000-0  13156-2 0  1001
2 28159  50.0000 144.0000 0000000   0.0000 115.2000 15.21981948262273
STARLINK-1167
1 64982U 98065A   24 19.70833333 -.00022620  00000-0  13156-2 0  1008
2 64982  50.0000 144.0000 0000000   0.0000 133.2000 15.21981948467418
STARLINK-1168
1 52858U 98065A   24 19.70833333 -.00022620  00000-0  13156-2 0  1005
2 52858  50.0000 144.0000 0000000   0.0000 151.2000 15.21981948699761
STARLINK-1169
1 89303U 98065A   24 19.70833333 -.00022620  00000-0  13156-2 0  1002
2 89303  50.0000 144.0000 0000000   0.0000 169.2000 15.21981948801562
STARLINK-1170
1 32381U 98065A   24 19.70833333 -.00022620  00000-0  13156-2 0  1003
2 32381  50.0000 144.0000 0000000   0.0000 187.2000 15.21981948239043
STARLINK-1171
1 62579U 98065A   24 19.70833333 -.00022620  00000-0  13156-2 0  1006
2 62579  50.0000 144.0000 0000000   0.0000 205.2000 15.21981948888053
STARLINK-1172
1 51924U 98065A   24 19.70833333 -.00022620  00000-0  13156-2 0  1008
2 51924  50.0000 144.0000 0000000   0.0000 223.2000 15.21981948114380
STARLINK-1173
1 46453U 98065A   24 19.70833333 -.00022620  00000-0  13156-2 0  1003
2 46453  50.0000 144.0000 0000000   0.0000 241.2000 15.21981948389866
STARLINK-1174
1 90327U 98065A   24 19.70833333 -.00022620  00000-0  13156-2 0  1001
2 90327  50.0000 144.0000 0000000   0.0000 259.2000 15.21981948669780
STARLINK-1175
1 96667U 98065A   24 19.70833333 -.00022620  00000-0  13156-2 0  1007
2 96667  50.0000 144.0000 0000000   0.0000 277.2000 15.21981948914660
STARLINK-1176
1 64198U 98065A   24 19.70833333 -.00022620  00000-0  13156-2 0  1007
2 64198  50.0000 144.0000 0000000   0.0000 295.2000 15.21981948700933
STARLINK-1177
1 70291U 98065A   24 19.70833333 -.00022620  00000-0  13156-2 0  1000
2 70291  50.0000 144.0000 0000000   0.0000 313.2000 15.21981948844460
STARLINK-1178
1 55771U 98065A   24 19.70833333 -.00022620  00000-0  13156-2 0  1005
2 55771  50.0000 144.0000 0000000   0.0000 331.2000 15.21981948961205
STARLINK-1179
1 89895U 98065A   24 19.70833333 -.00022620  00000-0  13156-2 0  1001
2 89895  50.0000 144.0000 0000000   0.0000 349.2000 15.21981948404174
STARLINK-1180
1 64737U 98065A   24 19.70833333 -.00022620  00000-0  13156-2 0  1005
2 64737  50.0000 162.0000 0000000   0.0000   8.1000 15.21981948834461
STARLINK-1181
1 16409U 98065A   24 19.70833333 -.00022620  00000-0  13156-2 0  1003
2 16409  50.0000 162.0000 0000000   0.0000  26.1000 15.21981948456496
STARLINK-1182
1 41285U 98065A   24 19.70833333 -.00022620  00000-0  13156-2 0  1007
2 41285  50.0000 162.0000 0000000   0.0000  44.1000 15.21981948489184
STARLINK-1183
1 92979U 98065A   24 19.70833333 -.00022620  00000-0  13156-2 0  1005
2 92979  50.0000 162.0000 0000000   0.0000  62.1000 15.21981948441505
STARLINK-1184
1 48934U 98065A   24 19.70833333 -.00022620  00000-0  13156-2 0  1002
2 48934  50.0000 162.0000 0000000   0.0000  80.1000 15.21981948373705
STARLINK-1185
1 42402U 98065A   24 19.70833333 -.00022620  00000-0  13156-2 0  1007
2 42402  50.0000 162.0000 0000000   0.0000  98.1000 15.21981948629228
STARLINK-1186
1 21943U 98065A   24 19.70833333 -.00022620  00000-0  13156-2 0  1001
2 21943  50.0000 162.0000 0000000   0.0000 116.1000 15.21981948210852
STARLINK-1187
1 79491U 98065A   24 19.70833333 -.00022620  00000-0  13156-2 0  1006
2 79491  50.0000 162.0000 0000000   0.0000 134.1000 15.21981948558465
STARLINK-1188
1 37516U 98065A   24 19.70833333 -.00022620  00000-0  13156-2 0  1008
2 37516  50.0000 162.0000 0000000   0.0000 152.1000 15.21981948943245
STARLINK-1189
1 26314U 98065A   24 19.70833333 -.00022620  00000-0  13156-2 0  1000
2 26314  50.0000 162.0000 0000000   0.0000 170.1000 15.21981948992467
STARLINK-1190
1 92724U 98065A   24 19.70833333 -.00022620  00000-0  13156-2 0  1004
2 92724  50.0000 162.0000 0000000   0.0000 188.1000 15.21981948952245
STARLINK-1191
1 76227U 98065A   24 19.70833333 -.00022620  00000-0  13156-2 0  1000
2 76227  50.0000 162.0000 0000000   0.0000 206.1000 15.21981948937993
STARLINK-1192
1 42944U 98065A   24 19.70833333 -.00022620  00000-0  13156-2 0  1007
2 42944  50.0000 162.0000 0000000   0.0000 224.1000 15.21981948986505
STARLINK-1193
1 15740U 98065A   24 19.70833333 -.00022620  00000-0  13156-2 0  1008
2 15740  50.0000 162.0000 0000000   0.0000 242.1000 15.21981948495355
STARLINK-1194
1 65235U 98065A   24 19.70833333 -.00022620  00000-0  13156-2 0  1002
2 65235  50.0000 162.0000 0000000   0.0000 260.1000 15.21981948645214
STARLINK-1195
1 91737U 98065A   24 19.70833333 -.00022620  00000-0  13156-2 0  1001
2 91737  50.0000 162.0000 0000000   0.0000 278.1000 15.21981948816611
STARLINK-1196
1 26765U 98065A   24 19.70833333 -.00022620  00000-0  13156-2 0  1000
2 26765  50.0000 162.0000 0000000   0.0000 296.1000 15.21981948401806
STARLINK-1197
1 69307U 98065A   24 19.70833333 -.00022620  00000-0  13156-2 0  1007
2 69307  50.0000 162.0000 0000000   0.0000 314.1000 15.21981948281768
STARLINK-1198
1 79650U 98065A   24 19.70833333 -.00022620  00000-0  13156-2 0  1008
2 79650  50.0000 162.0000 0000000   0.0000 332.1000 15.21981948620536
STARLINK-1199
1 61648U 98065A   24 19.70833333 -.00022620  00000-0  13156-2 0  1008
2 61648  50.0000 162.0000 0000000   0.0000 350.1000 15.21981948151490
STARLINK-1200
1 29617U 98065A   24 19.70833333 -.00022620  00000-0  13156-2 0  1000
2 29617  50.0000 180.0000 0000000   0.0000   9.0000 15.21981948591766
STARLINK-1201
1 23681U 98065A   24 19.70833333 -.00022620  00000-0  13156-2 0  1007
2 23681  50.0000 180.0000 0000000   0.0000  27.0000 15.21981948781075
STARLINK-1202
1 44636U 98065A   24 19.70833333 -.00022620  00000-0  13156-2 0  1007
2 44636  50.0000 180.0000 0000000   0.0000  45.0000 15.21981948305631
STARLINK-1203
1 61609U 98065A   24 19.70833333 -.00022620  00000-0  13156-2 0  1001
2 61609  50.0000 180.0000 0000000   0.0000  63.0000 15.21981948111970
STARLINK-1204
1 82112U 98065A   24 19.70833333 -.00022620  00000-0  13156-2 0  1001
2 82112  50.0000 180.0000 0000000   0.0000  81.0000 15.21981948198921
STARLINK-1205
1 21721U 98065A   24 19.70833333 -.00022620  00000-0  13156-2 0  1007
2 21721  50.0000 180.0000 0000000   0.0000  99.0000 15.21981948181051
STARLINK-1206
1 61664U 98065A   24 19.70833333 -.00022620  00000-0  13156-2 0  1003
2 61664  50.0000 180.0000 0000000   0.0000 117.0000 15.21981948826168
STARLINK-1207
1 36318U 98065A   24 19.70833333 -.00022620  00000-0  13156-2 0  1007
2 36318  50.0000 180.0000 0000000   0.0000 135.0000 15.21981948130361
STARLINK-1208
1 91567U 98065A   24 19.70833333 -.00022620  00000-0  13156-2 0  1008
2 91567  50.0000 180.0000 0000000   0.0000 153.0000 15.21981948801345
STARLINK-1209
1 87506U 98065A   24 19.70833333 -.00022620  00000-0  13156-2 0  1006
2 87506  50.0000 180.0000 0000000   0.0000 171.0000 15.21981948287838
STARLINK-1210
1 79096U 98065A   24 19.70833333 -.00022620  00000-0  13156-2 0  1000
2 79096  50.0000 180.0000 0000000   0.0000 189.0000 15.21981948213996
STARLINK-1211
1 70880U 98065A   24 19.70833333 -.00022620  00000-0  13156-2 0  1004
2 70880  50.0000 180.0000 0000000   0.0000 207.0000 15.21981948120406
STARLINK-1212
1 23179U 98065A   24 19.70833333 -.00022620  00000-0  13156-2 0  1004
2 23179  50.0000 180.0000 0000000   0.0000 225.0000 15.21981948927482
STARLINK-1213
1 39367U 98065A   24 19.70833333 -.00022620  00000-0  13156-2 0  1004
2 39367  50.0000 180.0000 0000000   0.0000 243.0000 15.21981948378638
STARLINK-1214
1 10427U 98065A   24 19.70833333 -.00022620  00000-0  13156-2 0  1003
2 10427  50.0000 180.0000 0000000   0.0000 261.0000 15.21981948117725
STARLINK-1215
1 29869U 98065A   24 19.70833333 -.00022620  00000-0  13156-2 0  1003
2 29869  50.0000 180.0000 0000000   0.0000 279.0000 15.21981948559066
STARLINK-1216
1 26190U 98065A   24 19.70833333 -.00022620  00000-0  13156-2 0  1007
2 26190  50.0000 180.0000 0000000   0.0000 297.0000 15.21981948736441
STARLINK-1217
1 64518U 98065A   24 19.70833333 -.00022620  00000-0  13156-2 0  1002
2 64518  50.0000 180.0000 0000000   0.0000 315.0000 15.21981948345351
STARLINK-1218
1 31725U 98065A   24 19.70833333 -.00022620  00000-0  13156-2 0  1002
2 31725  50.0000 180.0000 0000000   0.0000 333.0000 15.21981948197694
STARLINK-1219
1 66695U 98065A   24 19.70833333 -.00022620  00000-0  13156-2 0  1008
2 66695  50.0000 180.0000 0000000   0.0000 351.0000 15.21981948648585
STARLINK-1220
1 17332U 98065A   24 19.70833333 -.00022620  00000-0  13156-2 0  1000
2 17332  50.0000 198.0000 0000000   0.0000   9.9000 15.21981948217350
STARLINK-1221
1 45799U 98065A   24 19.70833333 -.00022620  00000-0  13156-2 0  1002
2 45799  50.0000 198.0000 0000000   0.0000  27.9000 15.21981948509797
STARLINK-1222
1 63578U 98065A   24 19.70833333 -.00022620  00000-0  13156-2 0  1002
2 63578  50.0000 198.0000 0000000   0.0000  45.9000 15.21981948196385
STARLINK-1223
1 76846U 98065A   24 19.70833333 -.00022620  00000-0  13156-2 0  1005
2 76846  50.0000 198.0000 0000000   0.0000  63.9000 15.21981948794142
STARLINK-1224
1 71459U 98065A   24 19.70833333 -.00022620  00000-0  13156-2 0  1006
2 71459  50.0000 198.0000 0000000   0.0000  81.9000 15.21981948972023
STARLINK-1225
1 67131U 98065A   24 19.70833333 -.00022620  00000-0  13156-2 0  1000
2 67131  50.0000 198.0000 0000000   0.0000  99.9000 15.21981948192531
STARLINK-1226
1 37178U 98065A   24 19.70833333 -.00022620  00000-0  13156-2 0  1000
2 37178  50.0000 198.0000 0000000   0.0000 117.9000 15.21981948161150
STARLINK-1227
1 44555U 98065A   24 19.70833333 -.00022620  00000-0  13156-2 0  1003
2 44555  50.0000 198.0000 0000000   0.0000 135.9000 15.21981948378605
STARLINK-1228
1 15415U 98065A   24 19.70833333 -.00022620  00000-0  13156-2 0  1006
2 15415  50.0000 198.0000 0000000   0.0000 153.9000 15.21981948886748
STARLINK-1229
1 67498U 98065A   24 19.70833333 -.00022620  00000-0  13156-2 0  1007
2 67498  50.0000 198.0000 0000000   0.0000 171.9000 15.21981948337856
STARLINK-1230
1 40144U 98065A   24 19.70833333 -.00022620  00000-0  13156-2 0  1002
2 40144  50.0000 198.0000 0000000   0.0000 189.9000 15.21981948463642
STARLINK-1231
1 19276U 98065A   24 19.70833333 -.00022620  00000-0  13156-2 0  1004
2 19276  50.0000 198.0000 0000000   0.0000 207.9000 15.21981948296470
STARLINK-1232
1 78896U 98065A   24 19.70833333 -.00022620  00000-0  13156-2 0  1007
2 78896  50.0000 198.0000 0000000   0.0000 225.9000 15.21981948972044
STARLINK-1233
1 68070U 98065A   24 19.70833333 -.00022620  00000-0  13156-2 0  1003
2 68070  50.0000 198.0000 0000000   0.0000 243.9000 15.21981948934970
STARLINK-1234
1 93684U 98065A   24 19.70833333 -.00022620  00000-0  13156-2 0  1000
2 93684  50.0000 198.0000 0000000   0.0000 261.9000 15.21981948966311
STARLINK-1235
1 17204U 98065A   24 19.70833333 -.00022620  00000-0  13156-2 0  1007
2 17204  50.0000 198.0000 0000000   0.0000 279.9000 15.21981948754035
STARLINK-1236
1 90635U 98065A   24 19.70833333 -.00022620  00000-0  13156-2 0  1000
2 90635  50.0000 198.0000 0000000   0.0000 297.9000 15.21981948461157
STARLINK-1237
1 27113U 98065A   24 19.70833333 -.00022620  00000-0  13156-2 0  1000
2 27113  50.0000 198.0000 0000000   0.0000 315.9000 15.21981948886457
STARLINK-1238
1 50895U 98065A   24 19.70833333 -.00022620  00000-0  13156-2 0  1004
2 50895  50.0000 198.0000 0000000   0.0000 333.9000 15.21981948985995
STARLINK-1239
1 75498U 98065A   24 19.70833333 -.00022620  00000-0  13156-2 0  1007
2 75498  50.0000 198.0000 0000000   0.0000 351.9000 15.21981948464018
STARLINK-1240
1 22797U 98065A   24 19.70833333 -.00022620  00000-0  13156-2 0  1004
2 22797  50.0000 216.0000 0000000   0.0000  10.8000 15.21981948674740
STARLINK-1241
1 10117U 98065A   24 19.70833333 -.00022620  00000-0  13156-2 0  1002
2 10117  50.0000 216.0000 0000000   0.0000  28.8000 15.21981948747113
STARLINK-1242
1 15226U 98065A   24 19.70833333 -.00022620  00000-0  13156-2 0  1000
2 15226  50.0000 216.0000 0000000   0.0000  46.8000 15.21981948365976
STARLINK-1243
1 80039U 98065A   24 19.70833333 -.00022620  00000-0  13156-2 0  1003
2 80039  50.0000 216.0000 0000000   0.0000  64.8000 15.21981948821897
STARLINK-1244
1 63329U 98065A   24 19.70833333 -.00022620  00000-0  13156-2 0  1004
2 63329  50.0000 216.0000 0000000   0.0000  82.8000 15.21981948685356
STARLINK-1245
1 14797U 98065A   24 19.70833333 -.00022620  00000-0  13156-2 0  1005
2 14797  50.0000 216.0000 0000000   0.0000 100.8000 15.21981948738887
STARLINK-1246
1 78420U 98065A   24 19.70833333 -.00022620  00000-0  13156-2 0  1001
2 78420  50.0000 216.0000 0000000   0.0000 118.8000 15.21981948304006
STARLINK-1247
1 58071U 98065A   24 19.70833333 -.00022620  00000-0  13156-2 0  1004
2 58071  50.0000 216.0000 0000000   0.0000 136.8000 15.21981948618267
STARLINK-1248
1 87084U 98065A   24 19.70833333 -.00022620  00000-0  13156-2 0  1004
2 87084  50.0000 216.0000 0000000   0.0000 154.8000 15.21981948850055
STARLINK-1249
1 37605U 98065A   24 19.70833333 -.00022620  00000-0  13156-2 0  1003
2 37605  50.0000 216.0000 0000000   0.0000 172.8000 15.21981948261916
STARLINK-1250
1 90995U 98065A   24 19.70833333 -.00022620  00000-0  13156-2 0  1007
2 90995  50.0000 216.0000 0000000   0.0000 190.8000 15.21981948217553
STARLINK-1251
1 19739U 98065A   24 19.70833333 -.00022620  00000-0  13156-2 0  1003
2 19739  50.0000 216.0000 0000000   0.0000 208.8000 15.21981948936550
STARLINK-1252
1 49091U 98065A   24 19.70833333 -.00022620  00000-0  13156-2 0  1003
2 49091  50.0000 216.0000 0000000   0.0000 226.8000 15.21981948319696
STARLINK-1253
1 15023U 98065A   24 19.70833333 -.00022620  00000-0  13156-2 0  1007
2 15023  50.0000 216.0000 0000000   0.0000 244.8000 15.21981948494484
STARLINK-1254
1 96662U 98065A   24 19.70833333 -.00022620  00000-0  13156-2 0  1001
2 96662  50.0000 216.0000 0000000   0.0000 262.8000 15.21981948587353
STARLINK-1255
1 94960U 98065A   24 19.70833333 -.00022620  00000-0  13156-2 0  1008
2 94960  50.0000 216.0000 0000000   0.0000 280.8000 15.21981948883680
STARLINK-1256
1 25305U 98065A   24 19.70833333 -.00022620  00000-0  13156-2 0  1006
2 25305  50.0000 216.0000 0000000   0.0000 298.8000 15.21981948217170
STARLINK-1257
1 72314U 98065A   24 19.70833333 -.00022620  00000-0  13156-2 0  1002
2 72314  50.0000 216.0000 0000000   0.0000 316.8000 15.21981948442593
STARLINK-1258
1 24226U 98065A   24 19.70833333 -.00022620  00000-0  13156-2 0  1003
2 24226  50.0000 216.0000 0000000   0.0000 334.8000 15.21981948878595
STARLINK-1259
1 72618U 98065A   24 19.70833333 -.00022620  00000-0  13156-2 0  1008
2 72618  50.0000 216.0000 0000000   0.0000 352.8000 15.21981948894293
STARLINK-1260
1 70521U 98065A   24 19.70833333 -.00022620  00000-0  13156-2 0  1004
2 70521  50.0000 234.0000 0000000   0.0000  11.7000 15.21981948434923
STARLINK-1261
1 86350U 98065A   24 19.70833333 -.00022620  00000-0  13156-2 0  1004
2 86350  50.0000 234.0000 0000000   0.0000  29.7000 15.21981948178976
STARLINK-1262
1 42775U 98065A   24 19.70833333 -.00022620  00000-0  13156-2 0  1004
2 42775  50.0000 234.0000 0000000   0.0000  47.7000 15.21981948483226
STARLINK-1263
1 50335U 98065A   24 19.70833333 -.00022620  00000-0  13156-2 0  1004
2 50335  50.0000 234.0000 0000000   0.0000  65.7000 15.21981948346078
STARLINK-1264
1 93000U 98065A   24 19.70833333 -.00022620  00000-0  13156-2 0  1008
2 93000  50.0000 234.0000 0000000   0.0000  83.7000 15.21981948532237
STARLINK-1265
1 36735U 98065A   24 19.70833333 -.00022620  00000-0  13156-2 0  1008
2 36735  50.0000 234.0000 0000000   0.0000 101.7000 15.21981948472362
STARLINK-1266
1 86289U 98065A   24 19.70833333 -.00022620  00000-0  13156-2 0  1002
2 86289  50.0000 234.0000 0000000   0.0000 119.7000 15.21981948836878
STARLINK-1267
1 76678U 98065A   24 19.70833333 -.00022620  00000-0  13156-2 0  1000
2 76678  50.0000 234.0000 0000000   0.0000 137.7000 15.21981948293766
STARLINK-1268
1 81450U 98065A   24 19.70833333 -.00022620  00000-0  13156-2 0  1005
2 81450  50.0000 234.0000 0000000   0.0000 155.7000 15.21981948439050
STARLINK-1269
1 27054U 98065A   24 19.70833333 -.00022620  00000-0  13156-2 0  1006
2 27054  50.0000 234.0000 0000000   0.0000 173.7000 15.21981948596137
STARLINK-1270
1 84660U 98065A   24 19.70833333 -.00022620  00000-0  13156-2 0  1001
2 84660  50.0000 234.0000 0000000   0.0000 191.7000 15.21981948615563
STARLINK-1271
1 66082U 98065A   24 19.70833333 -.00022620  00000-0  13156-2 0  1002
2 66082  50.0000 234.0000 0000000   0.0000 209.7000 15.21981948975543
STARLINK-1272
1 27476U 98065A   24 19.70833333 -.00022620  00000-0  13156-2 0  1008
2 27476  50.0000 234.0000 0000000   0.0000 227.7000 15.21981948700503
STARLINK-1273
1 72949U 98065A   24 19.70833333 -.00022620  00000-0  13156-2 0  1007
2 72949  50.0000 234.0000 0000000   0.0000 245.7000 15.21981948359555
STARLINK-1274
1 98620U 98065A   24 19.70833333 -.00022620  00000-0  13156-2 0  1005
2 98620  50.0000 234.0000 0000000   0.0000 263.7000 15.21981948946602
STARLINK-1275
1 26693U 98065A   24 19.70833333 -.00022620  00000-0  13156-2 0  1001
2 26693  50.0000 234.0000 0000000   0.0000 281.7000 15.21981948867265
STARLINK-1276
1 75574U 98065A   24 19.70833333 -.00022620  00000-0  13156-2 0  1000
2 75574  50.0000 234.0000 0000000   0.0000 299.7000 15.21981948382028
STARLINK-1277
1 10316U 98065A   24 19.70833333 -.00022620  00000-0  13156-2 0  1005
2 10316  50.0000 234.0000 0000000   0.0000 317.7000 15.21981948665587
STARLINK-1278
1 18989U 98065A   24 19.70833333 -.00022620  00000-0  13156-2 0  1003
2 18989  50.0000 234.0000 0000000   0.0000 335.7000 15.21981948965431
STARLINK-1279
1 79203U 98065A   24 19.70833333 -.00022620  00000-0  13156-2 0  1006
2 79203  50.0000 234.0000 0000000   0.0000 353.7000 15.21981948298948
STARLINK-1280
1 17495U 98065A   24 19.70833333 -.00022620  00000-0  13156-2 0  1005
2 17495  50.0000 252.0000 0000000   0.0000  12.6000 15.21981948934918
STARLINK-1281
1 80633U 98065A   24 19.70833333 -.00022620  00000-0  13156-2 0  1006
2 80633  50.0000 252.0000 0000000   0.0000  30.6000 15.21981948451812
STARLINK-1282
1 22348U 98065A   24 19.70833333 -.00022620  00000-0  13156-2 0  1003
2 22348  50.0000 252.0000 0000000   0.0000  48.6000 15.21981948338300
STARLINK-1283
1 79146U 98065A   24 19.70833333 -.00022620  00000-0  13156-2 0  1000
2 79146  50.0000 252.0000 0000000   0.0000  66.6000 15.21981948864028
STARLINK-1284
1 72918U 98065A   24 19.70833333 -.00022620  00000-0  13156-2 0  1007
2 72918  50.0000 252.0000 0000000   0.0000  84.6000 15.21981948498771
STARLINK-1285
1 85218U 98065A   24 19.70833333 -.00022620  00000-0  13156-2 0  1005
2 85218  50.0000 252.0000 0000000   0.0000 102.6000 15.21981948293928
STARLINK-1286
1 30165U 98065A   24 19.70833333 -.00022620  00000-0  13156-2 0  1000
2 30165  50.0000 252.0000 0000000   0.0000 120.6000 15.21981948229153
STARLINK-1287
1 36584U 98065A   24 19.70833333 -.00022620  00000-0  13156-2 0  1001
2 36584  50.0000 252.0000 0000000   0.0000 138.6000 15.21981948341343
STARLINK-1288
1 31611U 98065A   24 19.70833333 -.00022620  00000-0  13156-2 0  1008
2 31611  50.0000 252.0000 0000000   0.0000 156.6000 15.21981948806305
STARLINK-1289
1 93077U 98065A   24 19.70833333 -.00022620  00000-0  13156-2 0  1008
2 93077  50.0000 252.0000 0000000   0.0000 174.6000 15.21981948889066
STARLINK-1290
1 45186U 98065A   24 19.70833333 -.00022620  00000-0  13156-2 0  1008
2 45186  50.0000 252.0000 0000000   0.0000 192.6000 15.21981948823730
STARLINK-1291
1 54918U 98065A   24 19.70833333 -.00022620  00000-0  13156-2 0  1007
2 54918  50.0000 252.0000 0000000   0.0000 210.6000 15.21981948435891
STARLINK-1292
1 97166U 98065A   24 19.70833333 -.00022620  00000-0  13156-2 0  1006
2 97166  50.0000 252.0000 0000000   0.0000 228.6000 15.21981948574990
STARLINK-1293
1 16791U 98065A   24 19.70833333 -.00022620  00000-0  13156-2 0  1004
2 16791  50.0000 252.0000 0000000   0.0000 246.6000 15.21981948924535
STARLINK-1294
1 31851U 98065A   24 19.70833333 -.00022620  00000-0  13156-2 0  1005
2 31851  50.0000 252.0000 0000000   0.0000 264.6000 15.21981948990597
STARLINK-1295
1 20523U 98065A   24 19.70833333 -.00022620  00000-0  13156-2 0  1004
2 20523  50.0000 252.0000 0000000   0.0000 282.6000 15.21981948467943
STARLINK-1296
1 83316U 98065A   24 19.70833333 -.00022620  00000-0  13156-2 0  1000
2 83316  50.0000 252.0000 0000000   0.0000 300.6000 15.21981948757531
STARLINK-1297
1 74213U 98065A   24 19.70833333 -.00022620  00000-0  13156-2 0  1003
2 74213  50.0000 252.0000 0000000   0.0000 318.6000 15.21981948287193
STARLINK-1298
1 71652U 98065A   24 19.70833333 -.00022620  00000-0  13156-2 0  1000
2 71652  50.0000 252.0000 0000000   0.0000 336.6000 15.21981948180017
STARLINK-1299
1 33719U 98065A   24 19.70833333 -.00022620  00000-0  13156-2 0  1000
2 33719  50.0000 252.0000 0000000   0.0000 354.6000 15.21981948348955
STARLINK-1300
1 47357U 98065A   24 19.70833333 -.00022620  00000-0  13156-2 0  1006
2 47357  50.0000 270.0000 0000000   0.0000  13.5000 15.21981948544548
STARLINK-1301
1 90550U 98065A   24 19.70833333 -.00022620  00000-0  13156-2 0  1008
2 90550  50.0000 270.0000 0000000   0.0000  31.5000 15.21981948696407
STARLINK-1302
1 96205U 98065A   24 19.70833333 -.00022620  00000-0  13156-2 0  1001
2 96205  50.0000 270.0000 0000000   0.0000  49.5000 15.21981948585986
STARLINK-1303
1 47552U 98065A   24 19.70833333 -.00022620  00000-0  13156-2 0  1003
2 47552  50.0000 270.0000 0000000   0.0000  67.5000 15.21981948697696
STARLINK-1304
1 35717U 98065A   24 19.70833333 -.00022620  00000-0  13156-2 0  1006
2 35717  50.0000 270.0000 0000000   0.0000  85.5000 15.21981948467742
STARLINK-1305
1 78070U 98065A   24 19.70833333 -.00022620  00000-0  13156-2 0  1001
2 78070  50.0000 270.0000 0000000   0.0000 103.5000 15.21981948710125
STARLINK-1306
1 89346U 98065A   24 19.70833333 -.00022620  00000-0  13156-2 0  1000
2 89346  50.0000 270.0000 0000000   0.0000 121.5000 15.21981948608695
STARLINK-1307
1 29890U 98065A   24 19.70833333 -.00022620  00000-0  13156-2 0  1001
2 29890  50.0000 270.0000 0000000   0.0000 139.5000 15.21981948336997
STARLINK-1308
1 42428U 98065A   24 19.70833333 -.00022620  00000-0  13156-2 0  1002
2 42428  50.0000 270.0000 0000000   0.0000 157.5000 15.21981948302778
STARLINK-1309
1 31152U 98065A   24 19.70833333 -.00022620  00000-0  13156-2 0  1008
2 31152  50.0000 270.0000 0000000   0.0000 175.5000 15.21981948796018
STARLINK-1310
1 15185U 98065A   24 19.70833333 -.00022620  00000-0  13156-2 0  1005
2 15185  50.0000 270.0000 0000000   0.0000 193.5000 15.21981948438260
STARLINK-1311
1 30716U 98065A   24 19.70833333 -.00022620  00000-0  13156-2 0  1004
2 30716  50.0000 270.0000 0000000   0.0000 211.5000 15.21981948961244
STARLINK-1312
1 54859U 98065A   24 19.70833333 -.00022620  00000-0  13156-2 0  1005
2 54859  50.0000 270.0000 0000000   0.0000 229.5000 15.21981948477572
STARLINK-1313
1 97402U 98065A   24 19.70833333 -.00022620  00000-0  13156-2 0  1004
2 97402  50.0000 270.0000 0000000   0.0000 247.5000 15.21981948414771
STARLINK-1314
1 37657U 98065A   24 19.70833333 -.00022620  00000-0  13156-2 0  1008
2 37657  50.0000 270.0000 0000000   0.0000 265.5000 15.21981948735814
STARLINK-1315
1 45614U 98065A   24 19.70833333 -.00022620  00000-0  13156-2 0  1000
2 45614  50.0000 270.0000 0000000   0.0000 283.5000 15.21981948237843
STARLINK-1316
1 20212U 98065A   24 19.70833333 -.00022620  00000-0  13156-2 0  1003
2 20212  50.0000 270.0000 0000000   0.0000 301.5000 15.21981948261543
STARLINK-1317
1 43660U 98065A   24 19.70833333 -.00022620  00000-0  13156-2 0  1003
2 43660  50.0000 270.0000 0000000   0.0000 319.5000 15.21981948685931
STARLINK-1318
1 75300U 98065A   24 19.70833333 -.00022620  00000-0  13156-2 0  1003
2 75300  50.0000 270.0000 0000000   0.0000 337.5000 15.21981948144068
STARLINK-1319
1 55859U 98065A   24 19.70833333 -.00022620  00000-0  13156-2 0  1000
2 55859  50.0000 270.0000 0000000   0.0000 355.5000 15.21981948607392
STARLINK-1320
1 36196U 98065A   24 19.70833333 -.00022620  00000-0  13156-2 0  1003
2 36196  50.0000 288.0000 0000000   0.0000  14.4000 15.21981948455598
STARLINK-1321
1 85269U 98065A   24 19.70833333 -.00022620  00000-0  13156-2 0  1006
2 85269  50.0000 288.0000 0000000   0.0000  32.4000 15.21981948499651
STARLINK-1322
1 49455U 98065A   24 19.70833333 -.00022620  00000-0  13156-2 0  1007
2 49455  50.0000 288.0000 0000000   0.0000  50.4000 15.21981948560023
STARLINK-1323
1 19008U 98065A   24 19.70833333 -.00022620  00000-0  13156-2 0  1003
2 19008  50.0000 288.0000 0000000   0.0000  68.4000 15.21981948476156
STARLINK-1324
1 83335U 98065A   24 19.70833333 -.00022620  00000-0  13156-2 0  1003
2 83335  50.0000 288.0000 0000000   0.0000  86.4000 15.21981948612370
STARLINK-1325
1 45528U 98065A   24 19.70833333 -.00022620  00000-0  13156-2 0  1003
2 45528  50.0000 288.0000 0000000   0.0000 104.4000 15.21981948391591
STARLINK-1326
1 23538U 98065A   24 19.70833333 -.00022620  00000-0  13156-2 0  1006
2 23538  50.0000 288.0000 0000000   0.0000 122.4000 15.21981948380995
STARLINK-1327
1 26959U 98065A   24 19.70833333 -.00022620  00000-0  13156-2 0  1006
2 26959  50.0000 288.0000 0000000   0.0000 140.4000 15.21981948111937
STARLINK-1328
1 57025U 98065A   24 19.70833333 -.00022620  00000-0  13156-2 0  1000
2 57025  50.0000 288.0000 0000000   0.0000 158.4000 15.21981948361254
STARLINK-1329
1 89770U 98065A   24 19.70833333 -.00022620  00000-0  13156-2 0  1006
2 89770  50.0000 288.0000 0000000   0.0000 176.4000 15.21981948902690
STARLINK-1330
1 94570U 98065A   24 19.70833333 -.00022620  00000-0  13156-2 0  1005
2 94570  50.0000 288.0000 0000000   0.0000 194.4000 15.21981948855283
STARLINK-1331
1 61170U 98065A   24 19.70833333 -.00022620  00000-0  13156-2 0  1008
2 61170  50.0000 288.0000 0000000   0.0000 212.4000 15.21981948641671
STARLINK-1332
1 45178U 98065A   24 19.70833333 -.00022620  00000-0  13156-2 0  1001
2 45178  50.0000 288.0000 0000000   0.0000 230.4000 15.21981948176152
STARLINK-1333
1 41393U 98065A   24 19.70833333 -.00022620  00000-0  13156-2 0  1002
2 41393  50.0000 288.0000 0000000   0.0000 248.4000 15.21981948552692
STARLINK-1334
1 39913U 98065A   24 19.70833333 -.00022620  00000-0  13156-2 0  1000
2 39913  50.0000 288.0000 0000000   0.0000 266.4000 15.21981948934665
STARLINK-1335
1 52920U 98065A   24 19.70833333 -.00022620  00000-0  13156-2 0  1005
2 52920  50.0000 288.0000 0000000   0.0000 284.4000 15.21981948832510
STARLINK-1336
1 97999U 98065A   24 19.70833333 -.00022620  00000-0  13156-2 0  1008
2 97999  50.0000 288.0000 0000000   0.0000 302.4000 15.21981948644242
STARLINK-1337
1 84356U 98065A   24 19.70833333 -.00022620  00000-0  13156-2 0  1000
2 84356  50.0000 288.0000 0000000   0.0000 320.4000 15.21981948684378
STARLINK-1338
1 94029U 98065A   24 19.70833333 -.00022620  00000-0  13156-2 0  1001
2 94029  50.0000 288.0000 0000000   0.0000 338.4000 15.21981948334335
STARLINK-1339
1 29768U 98065A   24 19.70833333 -.00022620  00000-0  13156-2 0  1008
2 29768  50.0000 288.0000 0000000   0.0000 356.4000 15.21981948350738
STARLINK-1340
1 68458U 98065A   24 19.70833333 -.00022620  00000-0  13156-2 0  1005
2 68458  50.0000 306.0000 0000000   0.0000  15.3000 15.21981948954116
STARLINK-1341
1 80195U 98065A   24 19.70833333 -.00022620  00000-0  13156-2 0  1005
2 80195  50.0000 306.0000 0000000   0.0000  33.3000 15.21981948263015
STARLINK-1342
1 74815U 98065A   24 19.70833333 -.00022620  00000-0  13156-2 0  1007
2 74815  50.0000 306.0000 0000000   0.0000  51.3000 15.21981948877761
STARLINK-1343
1 13512U 98065A   24 19.70833333 -.00022620  00000-0  13156-2 0  1003
2 13512  50.0000 306.0000 0000000   0.0000  69.3000 15.21981948370052
STARLINK-1344
1 68834U 98065A   24 19.70833333 -.00022620  00000-0  13156-2 0  1005
2 68834  50.0000 306.0000 0000000   0.0000  87.3000 15.21981948405413
STARLINK-1345
1 71004U 98065A   24 19.70833333 -.00022620  00000-0  13156-2 0  1003
2 71004  50.0000 306.0000 0000000   0.0000 105.3000 15.21981948792678
STARLINK-1346
1 10365U 98065A   24 19.70833333 -.00022620  00000-0  13156-2 0  1008
2 10365  50.0000 306.0000 0000000   0.0000 123.3000 15.21981948289013
STARLINK-1347
1 21959U 98065A   24 19.70833333 -.00022620  00000-0  13156-2 0  1003
2 21959  50.0000 306.0000 0000000   0.0000 141.3000 15.21981948672031
STARLINK-1348
1 30351U 98065A   24 19.70833333 -.00022620  00000-0  13156-2 0  1000
2 30351  50.0000 306.0000 0000000   0.0000 159.3000 15.21981948655148
STARLINK-1349
1 12874U 98065A   24 19.70833333 -.00022620  00000-0  13156-2 0  1005
2 12874  50.0000 306.0000 0000000   0.0000 177.3000 15.21981948511541
STARLINK-1350
1 84839U 98065A   24 19.70833333 -.00022620  00000-0  13156-2 0  1004
2 84839  50.0000 306.0000 0000000   0.0000 195.3000 15.21981948787048
STARLINK-1351
1 75719U 98065A   24 19.70833333 -.00022620  00000-0  13156-2 0  1000
2 75719  50.0000 306.0000 0000000   0.0000 213.3000 15.21981948768304
STARLINK-1352
1 51766U 98065A   24 19.70833333 -.00022620  00000-0  13156-2 0  1005
2 51766  50.0000 306.0000 0000000   0.0000 231.3000 15.21981948375128
STARLINK-1353
1 26442U 98065A   24 19.70833333 -.00022620  00000-0  13156-2 0  1008
2 26442  50.0000 306.0000 0000000   0.0000 249.3000 15.21981948868443
STARLINK-1354
1 91985U 98065A   24 19.70833333 -.00022620  00000-0  13156-2 0  1001
2 91985  50.0000 306.0000 0000000   0.0000 267.3000 15.21981948908225
STARLINK-1355
1 70078U 98065A   24 19.70833333 -.00022620  00000-0  13156-2 0  1006
2 70078  50.0000 306.0000 0000000   0.0000 285.3000 15.21981948892803
STARLINK-1356
1 74520U 98065A   24 19.70833333 -.00022620  00000-0  13156-2 0  1000
2 74520  50.0000 306.0000 0000000   0.0000 303.3000 15.21981948386086
STARLINK-1357
1 26492U 98065A   24 19.70833333 -.00022620  00000-0  13156-2 0  1005
2 26492  50.0000 306.0000 0000000   0.0000 321.3000 15.21981948982316
STARLINK-1358
1 61138U 98065A   24 19.70833333 -.00022620  00000-0  13156-2 0  1008
2 61138  50.0000 306.0000 0000000   0.0000 339.3000 15.21981948115625
STARLINK-1359
1 31176U 98065A   24 19.70833333 -.00022620  00000-0  13156-2 0  1005
2 31176  50.0000 306.0000 0000000   0.0000 357.3000 15.21981948555724
STARLINK-1360
1 69590U 98065A   24 19.70833333 -.00022620  00000-0  13156-2 0  1001
2 69590  50.0000 324.0000 0000000   0.0000  16.2000 15.21981948442848
STARLINK-1361
1 47432U 98065A   24 19.70833333 -.00022620  00000-0  13156-2 0  1008
2 47432  50.0000 324.0000 0000000   0.0000  34.2000 15.21981948984944
STARLINK-1362
1 96037U 98065A   24 19.70833333 -.00022620  00000-0  13156-2 0  1001
2 96037  50.0000 324.0000 0000000   0.0000  52.2000 15.21981948114844
STARLINK-1363
1 98974U 98065A   24 19.70833333 -.00022620  00000-0  13156-2 0  1000
2 98974  50.0000 324.0000 0000000   0.0000  70.2000 15.21981948151471
STARLINK-1364
1 41752U 98065A   24 19.70833333 -.00022620  00000-0  13156-2 0  1003
2 41752  50.0000 324.0000 0000000   0.0000  88.2000 15.21981948811772
STARLINK-1365
1 20280U 98065A   24 19.70833333 -.00022620  00000-0  13156-2 0  1003
2 20280  50.0000 324.0000 0000000   0.0000 106.2000 15.21981948594577
STARLINK-1366
1 44861U 98065A   24 19.70833333 -.00022620  00000-0  13156-2 0  1000
2 44861  50.0000 324.0000 0000000   0.0000 124.2000 15.21981948766576
STARLINK-1367
1 39968U 98065A   24 19.70833333 -.00022620  00000-0  13156-2 0  1006
2 39968  50.0000 324.0000 0000000   0.0000 142.2000 15.21981948875052
STARLINK-1368
1 96450U 98065A   24 19.70833333 -.00022620  00000-0  13156-2 0  1005
2 96450  50.0000 324.0000 0000000   0.0000 160.2000 15.21981948614606
STARLINK-1369
1 82228U 98065A   24 19.70833333 -.00022620  00000-0  13156-2 0  1004
2 82228  50.0000 324.0000 0000000   0.0000 178.2000 15.21981948482756
STARLINK-1370
1 90896U 98065A   24 19.70833333 -.00022620  00000-0  13156-2 0  1007
2 90896  50.0000 324.0000 0000000   0.0000 196.2000 15.21981948990645
STARLINK-1371
1 74830U 98065A   24 19.70833333 -.00022620  00000-0  13156-2 0  1004
2 74830  50.0000 324.0000 0000000   0.0000 214.2000 15.21981948509915
STARLINK-1372
1 77134U 98065A   24 19.70833333 -.00022620  00000-0  13156-2 0  1001
2 77134  50.0000 324.0000 0000000   0.0000 232.2000 15.21981948834101
STARLINK-1373
1 67398U 98065A   24 19.70833333 -.00022620  00000-0  13156-2 0  1006
2 67398  50.0000 324.0000 0000000   0.0000 250.2000 15.21981948663601
STARLINK-1374
1 44989U 98065A   24 19.70833333 -.00022620  00000-0  13156-2 0  1001
2 44989  50.0000 324.0000 0000000   0.0000 268.2000 15.21981948508601
STARLINK-1375
1 86022U 98065A   24 19.70833333 -.00022620  00000-0  13156-2 0  1000
2 86022  50.0000 324.0000 0000000   0.0000 286.2000 15.21981948184587
STARLINK-1376
1 70469U 98065A   24 19.70833333 -.00022620  00000-0  13156-2 0  1006
2 70469  50.0000 324.0000 0000000   0.0000 304.2000 15.21981948483012
STARLINK-1377
1 94787U 98065A   24 19.70833333 -.00022620  00000-0  13156-2 0  1004
2 94787  50.0000 324.0000 0000000   0.0000 322.2000 15.21981948542257
STARLINK-1378
1 58282U 98065A   24 19.70833333 -.00022620  00000-0  13156-2 0  1008
2 58282  50.0000 324.0000 0000000   0.0000 340.2000 15.21981948674023
STARLINK-1379
1 32872U 98065A   24 19.70833333 -.00022620  00000-0  13156-2 0  1008
2 32872  50.0000 324.0000 0000000   0.0000 358.2000 15.21981948639865
STARLINK-1380
1 53267U 98065A   24 19.70833333 -.00022620  00000-0  13156-2 0  1007
2 53267  50.0000 342.0000 0000000   0.0000  17.1000 15.21981948654424
STARLINK-1381
1 46384U 98065A   24 19.70833333 -.00022620  00000-0  13156-2 0  1008
2 46384  50.0000 342.0000 0000000   0.0000  35.1000 15.21981948430731
STARLINK-1382
1 25511U 98065A   24 19.70833333 -.00022620  00000-0  13156-2 0  1008
2 25511  50.0000 342.0000 0000000   0.0000  53.1000 15.21981948140110
STARLINK-1383
1 36328U 98065A   24 19.70833333 -.00022620  00000-0  13156-2 0  1002
2 36328  50.0000 342.0000 0000000   0.0000  71.1000 15.21981948689666
STARLINK-1384
1 40381U 98065A   24 19.70833333 -.00022620  00000-0  13156-2 0  1000
2 40381  50.0000 342.0000 0000000   0.0000  89.1000 15.21981948302222
STARLINK-1385
1 76881U 98065A   24 19.70833333 -.00022620  00000-0  13156-2 0  1004
2 76881  50.0000 342.0000 0000000   0.0000 107.1000 15.21981948466328
STARLINK-1386
1 86763U 98065A   24 19.70833333 -.00022620  00000-0  13156-2 0  1007
2 86763  50.0000 342.0000 0000000   0.0000 125.1000 15.21981948605626
STARLINK-1387
1 49684U 98065A   24 19.70833333 -.00022620  00000-0  13156-2 0  1004
2 49684  50.0000 342.0000 0000000   0.0000 143.1000 15.21981948325903
STARLINK-1388
1 41347U 98065A   24 19.70833333 -.00022620  00000-0  13156-2 0  1008
2 41347  50.0000 342.0000 0000000   0.0000 161.1000 15.21981948117146
STARLINK-1389
1 23095U 98065A   24 19.70833333 -.00022620  00000-0  13156-2 0  1002
2 23095  50.0000 342.0000 0000000   0.0000 179.1000 15.21981948696166
STARLINK-1390
1 18307U 98065A   24 19.70833333 -.00022620  00000-0  13156-2 0  1003
2 18307  50.0000 342.0000 0000000   0.0000 197.1000 15.21981948241190
STARLINK-1391
1 67395U 98065A   24 19.70833333 -.00022620  00000-0  13156-2 0  1006
2 67395  50.0000 342.0000 0000000   0.0000 215.1000 15.21981948917940
STARLINK-1392
1 41071U 98065A   24 19.70833333 -.00022620  00000-0  13156-2 0  1004
2 41071  50.0000 342.0000 0000000   0.0000 233.1000 15.21981948845788
STARLINK-1393
1 20239U 98065A   24 19.70833333 -.00022620  00000-0  13156-2 0  1007
2 20239  50.0000 342.0000 0000000   0.0000 251.1000 15.21981948126652
STARLINK-1394
1 19008U 98065A   24 19.70833333 -.00022620  00000-0  13156-2 0  1001
2 19008  50.0000 342.0000 0000000   0.0000 269.1000 15.21981948834494
STARLINK-1395
1 30658U 98065A   24 19.70833333 -.00022620  00000-0  13156-2 0  1000
2 30658  50.0000 342.0000 0000000   0.0000 287.1000 15.21981948609987
STARLINK-1396
1 89880U 98065A   24 19.70833333 -.00022620  00000-0  13156-2 0  1005
2 89880  50.0000 342.0000 0000000   0.0000 305.1000 15.21981948248087
STARLINK-1397
1 46330U 98065A   24 19.70833333 -.00022620  00000-0  13156-2 0  1003
2 46330  50.0000 342.0000 0000000   0.0000 323.1000 15.21981948316636
STARLINK-1398
1 90244U 98065A   24 19.70833333 -.00022620  00000-0  13156-2 0  1000
2 90244  50.0000 342.0000 0000000   0.0000 341.1000 15.21981948769174
STARLINK-1399
1 57033U 98065A   24 19.70833333 -.00022620  00000-0  13156-2 0  1003
2 57033  50.0000 342.0000 0000000   0.0000 359.1000 15.21981948276315
